Unnamed: 0.1,Unnamed: 0,statusId,sensorName,valueX,valueY,valueZ,timestamp
104,104,162,Accelerometer,0.2747317015969384,-0.10139271586215029,0.34996885010897344,1551289996603
106,106,162,Accelerometer,0.3043274408544308,-0.18123038121499474,0.4058163902439793,1551289996613
108,108,162,Accelerometer,0.33756891545433504,-0.2538340050478987,0.47808978938596935,1551289996623
110,110,162,Accelerometer,0.43580724592551395,-0.3207389817331624,0.49466429567594816,1551289996633
112,112,162,Accelerometer,0.5733781155804105,-0.3910648834299488,0.4346161240560021,1551289996643
114,114,162,Accelerometer,0.6496578032115763,-0.4489392102074833,0.3894575179419788,1551289996653
116,116,162,Accelerometer,0.6730846018704533,-0.4150042176938922,0.3856817300199168,1551289996663
118,118,162,Accelerometer,0.662737487264204,-0.20021066788501202,0.3289862273365516,1551289996673
120,120,162,Accelerometer,0.4875177623671615,0.13739345524262422,0.20846669738797785,1551289996683
122,122,162,Accelerometer,0.13826985389785068,0.3775516634808046,0.18513399916853018,1551289996693
124,124,162,Accelerometer,-0.08485483811309444,-0.22065724305298134,0.3736828036636307,1551289996703
126,126,162,Accelerometer,-0.03238788618103297,-0.2538340050478987,0.6448360438236528,1551289996713
128,128,162,Accelerometer,0.021586664539035773,-0.3052593592305449,0.7504011005186573,1551289996723
130,130,162,Accelerometer,-0.0400640375027432,-0.3207389817331624,0.6226609632779156,1551289996733
132,132,162,Accelerometer,0.10994966328280957,0.21887289292156292,0.4672926256017059,1551289996743
134,134,162,Accelerometer,0.5121445187931674,-0.3052593592305449,0.49259888961186304,1551289996753
136,136,162,Accelerometer,0.6239312111763192,-0.5252490265555504,0.6088750787291859,1551289996763
138,138,162,Accelerometer,0.23252197048952314,-0.36255045970505306,0.550674543618799,1551289996773
140,140,162,Accelerometer,-0.06829572088924504,-0.22065724305298134,0.2666495765080868,1551289996783
142,142,162,Accelerometer,0.2131952756843112,-0.3557308409919976,-0.014975943099841217,1551289996793
144,144,162,Accelerometer,0.7134698111412632,-0.6105721140363447,-0.1284393029900212,1551289996803
146,146,162,Accelerometer,0.844376193588548,-0.7637152846224635,-0.16879135689013094,1551289996813
148,148,162,Accelerometer,0.6627888265860139,-0.761557812512297,-0.27408926078215207,1551289996823
150,150,162,Accelerometer,0.571009492109999,-0.6254703117035194,-0.40888729325375794,1551289996833
152,152,162,Accelerometer,0.5515498046559411,-0.40401164710540965,-0.4706965945741799,1551289996843
154,154,162,Accelerometer,0.322799592722109,-0.21250166542630416,-0.4588584587686352,1551289996853
156,156,162,Accelerometer,-0.013914433532546802,-0.15082747262175816,-0.46458380615710165,1551289996863
158,158,162,Accelerometer,-0.13666356715240333,-0.1742775891411025,-0.5412226861874727,1551289996873
160,160,162,Accelerometer,-0.16812146374271647,-0.14015487933100146,-0.5864012220849463,1551289996883
162,162,162,Accelerometer,-0.4886695669451663,0.008193604086706826,-0.4371891803981238,1551289996893
164,164,162,Accelerometer,-0.9356849005368395,0.14769465409464116,-0.11024537551708058,1551289996903
166,166,162,Accelerometer,-1.0205227740405576,0.12637581073366277,0.24196346121835444,1551289996913
168,168,162,Accelerometer,-0.9410779323478606,0.0661918371830133,-0.27408926078215207,1551289996923
170,170,162,Accelerometer,-1.2447340655517882,0.3135366798162844,-0.3896425839513805,1551289996933
172,172,162,Accelerometer,-1.4177970531732305,0.0661918371830133,-0.3896425839513805,1551289996943
174,174,162,Accelerometer,-0.4522125529422022,0.0661918371830133,0.11920882623807787,1551289996953
176,176,162,Accelerometer,-0.5575924576082566,0.0313749364138311,-0.11772699280996435,1551289996963
178,178,162,Accelerometer,-0.5806795849706643,-0.5119531721974684,0.13719046837794546,1551289996973
180,180,162,Accelerometer,-0.6625047905941225,-0.1232426712539376,0.2462975270854806,1551289996983
182,182,162,Accelerometer,-1.224099001184908,0.4875087385006592,-0.09147693148946702,1551289996993
184,184,162,Accelerometer,-0.6778218665478064,0.458970954950389,-0.3896425839513805,1551289997003
186,186,162,Accelerometer,-0.5120631622372186,0.15780843157783667,-0.485174391988769,1551289997013
188,188,162,Accelerometer,-0.7860792615364822,0.13159472754442827,-0.6948458513420606,1551289997023
190,190,162,Accelerometer,-0.5575924576082566,0.08016409554255363,-0.9600731910362308,1551289997033
192,192,162,Accelerometer,-0.20857492102091596,-0.1361733534292931,-1.0331333926983732,1551289997043
194,194,162,Accelerometer,-0.5079595136136936,0.03812768460190427,-1.0462028007256952,1551289997053
196,196,162,Accelerometer,-0.8777048274702995,-0.06013085833466191,-1.1055811454094964,1551289997063
198,198,162,Accelerometer,-0.5806795849706643,-0.06013085833466191,-0.9942950366065305,1551289997073
200,200,162,Accelerometer,-0.16984484621248042,0.27982916028369653,-0.7294869558312244,1551289997083
202,202,162,Accelerometer,-0.3194145725853078,-0.20762487875124247,-0.6828562883250402,1551289997093
204,204,162,Accelerometer,-0.5401002891289851,-0.2636125756972937,-0.9385907401960353,1551289997103
206,206,162,Accelerometer,-0.25500291735886044,-0.16831106327513695,-1.214571859666745,1551289997113
208,208,162,Accelerometer,0.04939369703750161,-0.11717273022929518,-1.3912068199288168,1551289997124
210,210,162,Accelerometer,-0.23947432834591376,-0.06013085833466191,-1.5317304692927105,1551289997133
212,212,162,Accelerometer,-0.8167466475343685,-0.09050417411712844,-1.6255941606186375,1551289997143
214,214,162,Accelerometer,-1.0074349393722755,-0.25151845479141,-1.7697633299364448,1551289997153
216,216,162,Accelerometer,-0.530359100566876,-0.28234466878442116,-2.1401454962875643,1551289997163
218,218,162,Accelerometer,0.3483901472368294,-0.01402587595470639,-2.40166434858045,1551289997173
220,220,162,Accelerometer,0.8360188859246207,0.3543591593373518,-1.8436429844618192,1551289997183
222,222,162,Accelerometer,0.40764124437046156,0.638706608242718,-0.5385120122015831,1551289997193
224,224,162,Accelerometer,-0.19608313852624304,0.9318064443347633,0.47506077489690735,1551289997203
226,226,162,Accelerometer,-0.011588581134559059,1.2817551469385395,0.6182719430037791,1551289997213
228,228,162,Accelerometer,0.4888787152730905,1.4669713339330666,0.44698771158797324,1551289997223
230,230,162,Accelerometer,0.46237481208293923,1.2679660846621679,0.5233334740966025,1551289997233
232,232,162,Accelerometer,0.3296301914701786,0.7337223491062865,0.5969625081714878,1551289997243
234,234,162,Accelerometer,0.6036183385387986,0.0921561580494232,0.28360229517726043,1551289997253
236,236,162,Accelerometer,0.745013516649262,-0.4901932855147578,-0.20113456983492456,1551289997263
238,238,162,Accelerometer,0.5261193310040051,-0.9966664232876021,-0.33156511727891286,1551289997273
240,240,162,Accelerometer,0.567969892197292,-1.3732166237371066,0.03991602869712212,1551289997283
242,242,162,Accelerometer,0.8625505447445669,-1.4017792606501775,0.5188815936163026,1551289997293
244,244,162,Accelerometer,0.7666306949501788,-1.0405397986059355,0.6928014436271843,1551289997303
246,246,162,Accelerometer,0.5001628529072446,-0.7135531132935289,0.6394676991643821,1551289997313
248,248,162,Accelerometer,0.8492316137706122,-0.8190278174054154,0.710023782892101,1551289997323
250,250,162,Accelerometer,0.7666306949501788,-1.1040631256409934,0.9832311296769154,1551289997333
252,252,162,Accelerometer,0.8492316137706122,-1.0136039358044213,1.248723182260803,1551289997343
254,254,162,Accelerometer,1.0253473444492816,-0.5378269160548714,1.372284732044836,1551289997353
256,256,162,Accelerometer,0.21162348778802523,-0.19297799241324193,1.357127507400565,1551289997363
258,258,162,Accelerometer,0.2972857590205652,-0.17194430428746202,1.1789191585690457,1551289997373
260,260,162,Accelerometer,0.9965767602764033,-0.08521216333070195,0.8489202044966011,1551289997383
262,262,162,Accelerometer,1.26165073761515,0.2403231026836418,0.5905329071538379,1551289997393
264,264,162,Accelerometer,0.8627256405612629,0.3157719733318085,0.685596500012811,1551289997403
266,266,162,Accelerometer,0.6517120148292399,-0.13948893797955447,1.019152909951217,1551289997413
268,268,162,Accelerometer,1.0892545338440986,-0.49144658674463904,1.0483076599039653,1551289997423
270,270,162,Accelerometer,1.419226944543662,-0.17521097267757124,0.5405321313895525,1551289997433
272,272,162,Accelerometer,0.9827858371148381,0.21452498221978772,0.029412942504453393,1551289997443
274,274,162,Accelerometer,0.5143000389789557,-0.08013277434313534,0.06314484263004111,1551289997453
276,276,162,Accelerometer,0.7985154289004264,-0.47345349357520217,0.3549863425651084,1551289997463
278,278,162,Accelerometer,0.9971207667648292,0.0699844256520522,0.2855385412350867,1551289997473
280,280,162,Accelerometer,0.3590596886231557,-0.08013277434313534,-0.05376768816736213,1551289997483
282,282,162,Accelerometer,0.12824591247661776,1.1336506641380173,0.03621559319549151,1551289997493
284,284,162,Accelerometer,1.0832301740075918,0.19873756073444632,0.8015752726326422,1551289997503
286,286,162,Accelerometer,1.5030232414142248,-0.4417185306412453,1.4836229330706048,1551289997513
288,288,162,Accelerometer,0.5345290756645877,-0.43607307547731555,1.1484012212077295,1551289997523
290,290,162,Accelerometer,0.13243533091835696,-0.5990720180151519,0.3441119763679402,1551289997533
292,292,162,Accelerometer,0.740176839269815,-0.8615388283629762,0.8948871193524793,1551289997543
294,294,162,Accelerometer,-0.2672405330174945,-0.2726636071555648,2.449546795181136,1551289997553
296,296,162,Accelerometer,0.5345290756645877,0.748557865671992,1.3920726944202422,1551289997563
298,298,162,Accelerometer,0.46178719198604123,0.6570163003843081,-3.3480312704906092,1551289997573
300,300,162,Accelerometer,0.46178719198604123,-0.009494566919594771,-7.149608729831561,1551289997583
302,302,162,Accelerometer,3.3267884149599105,1.8765695076289988,-7.72344664830397,1551289997593
304,304,162,Accelerometer,1.476541017529465,-0.43607307547731555,-10.059430264004643,1551289997603
306,306,162,Accelerometer,-3.125488831621549,-0.4417185306412453,0.8948871193524793,1551289997613
308,308,162,Accelerometer,-6.058419788989376,-0.5990720180151519,-14.767803352766952,1551289997623
310,310,162,Accelerometer,-4.819197195446749,1.8477090144400168,-2.4955605624106405,1551289997633
312,312,162,Accelerometer,1.6129956543826771,-3.7880634737000425,10.041302121091292,1551289997643
314,314,162,Accelerometer,-0.2672405330174945,-3.9776334681822174,11.240187391513057,1551289997653
316,316,162,Accelerometer,10.937804441764907,-2.9533346775294325,7.17217681610566,1551289997663
318,318,162,Accelerometer,-6.2814308763811555,-4.261095089905935,8.342269105348256,1551289997673
320,320,162,Accelerometer,0.46178719198604123,-5.266065923056507,-2.7792599679322096,1551289997683
322,322,162,Accelerometer,1.476541017529465,-3.4813345908780873,5.736841787620188,1551289997693
324,324,162,Accelerometer,2.385785616558917,-1.6694742894846226,-1.4041196995577045,1551289997703
326,326,162,Accelerometer,-0.37774857750163493,-2.2942734609482,-2.7792599679322096,1551289997713
328,328,162,Accelerometer,2.5693639423145935,-3.252544488289722,-0.9762825011826836,1551289997723
330,330,162,Accelerometer,0.7195054137773291,-3.1571533875709257,-1.3546148137832446,1551289997733
332,332,162,Accelerometer,-1.1881450253596237,-4.223399843682845,-2.8630936155715254,1551289997743
334,334,162,Accelerometer,6.211716457819807,-6.1965109404081655,-3.5240436356404987,1551289997753
336,336,162,Accelerometer,3.02698321504694,-4.519023049188091,-4.23764577984921,1551289997763
338,338,162,Accelerometer,-2.0713522113255247,1.7104596101077152,-5.328727400375816,1551289997773
340,340,162,Accelerometer,-0.37774857750163493,6.8666748550249554,-5.686286789919151,1551289997783
342,342,162,Accelerometer,3.2017359694685488,6.977697587795478,-3.940818143416815,1551289997793
344,344,162,Accelerometer,2.0146620479609716,4.383529851146879,0.22937679275762002,1551289997803
346,346,162,Accelerometer,-1.2686677685508272,2.565461340813449,3.953877181692952,1551289997813
348,348,162,Accelerometer,-1.2181877329305761,2.0806441531067263,3.975625403859168,1551289997823
350,350,162,Accelerometer,0.7195054137773291,2.166081555033791,1.97541759426918,1551289997833
352,352,162,Accelerometer,0.5557189074597538,2.022758478283684,1.4556914396602036,1551289997843
354,354,162,Accelerometer,0.3846822717603785,0.8618654645930754,1.4468649519908037,1551289997853
356,356,162,Accelerometer,2.896640077809669,-0.6649127472908539,-0.44799623664342914,1551289997864
358,358,162,Accelerometer,3.0899114724116092,-0.7305505508822355,-2.0253583437229064,1551289997873
360,360,162,Accelerometer,-2.466251968041094,0.2895251728671363,0.36792721320660593,1551289997883
362,362,162,Accelerometer,-6.181818012836415,-0.2696930798323716,5.149825329104068,1551289997893
364,364,162,Accelerometer,-2.1573636100303086,-2.823469961070972,0.6914049823427089,1551289997903
366,366,162,Accelerometer,2.483659625631325,-4.760908725404336,4.596941178445215,1551289997913
368,368,162,Accelerometer,0.6115399059717931,-4.990156087786077,1.1873202361151909,1551289997923
370,370,162,Accelerometer,-3.136863872005904,-5.039419059244868,0.6914049823427089,1551289997933
372,372,162,Accelerometer,-2.524303213059611,-4.933270539241982,1.938560265338334,1551289997943
374,374,162,Accelerometer,0.268306496229462,-2.3424128598271907,0.5439946580262339,1551289997953
376,376,162,Accelerometer,0.5054407629029766,2.747727118329805,0.5439946580262339,1551289997963
378,378,162,Accelerometer,-1.811856249953657,-0.34388015565649777,0.5439946580262339,1551289997973
380,380,162,Accelerometer,-3.2786711321044923,5.93935033048075,0.5439946580262339,1551289997983
382,382,162,Accelerometer,-1.8827219471824026,2.8546677836381518,0.5439946580262339,1551289997993
384,384,162,Accelerometer,0.30336313136844134,0.3841499103985261,0.6788471829104439,1551289998003
386,386,162,Accelerometer,-0.06346709261115117,-0.34388015565649777,1.5652786144883004,1551289998013
388,388,162,Accelerometer,-2.1747088100681835,-0.14656445786437747,0.5438179163413981,1551289998023
390,390,162,Accelerometer,-2.1427935475178224,-0.25430588223602635,-0.09309905545684607,1551289998033
392,392,162,Accelerometer,0.7844275745581848,-1.3398744991256182,0.6226481274879411,1551289998043
394,394,162,Accelerometer,3.4809520967423726,-2.6343186614924745,1.4396739802170613,1551289998053
396,396,162,Accelerometer,3.720882909821267,-2.297007449243755,0.5380983166997144,1551289998063
398,398,162,Accelerometer,2.2232929243169797,-0.01140145994159708,-1.5964427946846949,1551289998073
400,400,162,Accelerometer,0.7358260897727844,1.792134676268096,-2.093584316579647,1551289998083
402,402,162,Accelerometer,0.05730167370818627,1.1796379615087353,0.10336286949710083,1551289998093
404,404,162,Accelerometer,-0.6450578377214058,0.015346755113847976,1.9675381516093706,1551289998103
406,406,162,Accelerometer,-2.6509727445547573,1.4724926647647203,0.7900560955610024,1551289998113
408,408,162,Accelerometer,0.7358260897727844,-0.14656445786437747,-1.9747282191421998,1551289998123
410,410,162,Accelerometer,-3.5648334853920307,4.631784591817831,-3.635254657798967,1551289998133
412,412,162,Accelerometer,1.9908683367615447,-0.6348013312410243,-3.6423198715183163,1551289998143
414,414,162,Accelerometer,0.7555937902181964,0.015346755113847976,-2.8854300779240454,1551289998153
416,416,162,Accelerometer,0.7555937902181964,0.23103149544939874,-2.470724773933972,1551289998164
418,418,162,Accelerometer,1.5012972056415403,-1.8010403058256854,-2.7863488735322006,1551289998173
420,420,162,Accelerometer,-1.0937145603525726,1.142410072955369,-2.5838335373749226,1551289998183
422,422,162,Accelerometer,0.32432936529585255,-0.1331727880176476,-0.7008470183067734,1551289998193
424,424,162,Accelerometer,1.857648713130408,-2.062765863631887,1.6164071418600916,1551289998203
426,426,162,Accelerometer,0.7555937902181964,-1.1280877455467646,2.3004765866328785,1551289998213
428,428,162,Accelerometer,-0.7466684466601833,1.4288526170812146,1.4201997734862952,1551289998223
430,430,162,Accelerometer,0.08416780010519767,2.4591316143584456,0.6219075160182832,1551289998233
432,432,162,Accelerometer,2.0703650527211015,1.4927359824933486,0.6205533459571302,1551289998243
434,434,162,Accelerometer,2.5140747276198954,0.4190696185536747,0.8548106930455339,1551289998253
436,436,162,Accelerometer,1.2785014113874684,0.23103149544939874,0.9310882812633339,1551289998263
438,438,162,Accelerometer,0.023317450651639232,0.13521638669499048,1.066414455362814,1551289998273
440,440,162,Accelerometer,-0.6844287136180814,-0.6973980183124523,1.3845445998653432,1551289998283
442,442,162,Accelerometer,-1.1316391840078048,-1.9437833399966724,1.6290475290914999,1551289998293
444,444,162,Accelerometer,-0.894735274575593,-2.53922794968039,1.4203059848719164,1551289998303
446,446,162,Accelerometer,0.16622428299224679,-1.6378651070921038,0.4936138399366585,1551289998313
448,448,162,Accelerometer,0.7093901964593773,0.5528667799566078,1.3845445998653432,1551289998323
450,450,162,Accelerometer,-0.05656029059391657,2.6714986827192235,1.066414455362814,1551289998333
452,452,162,Accelerometer,-0.7296421829242159,3.3481658408511827,1.0808495046367992,1551289998343
454,454,162,Accelerometer,-0.2766458679644718,2.5751487082111337,-0.11241274220743214,1551289998353
456,456,162,Accelerometer,-0.004469545357301985,1.5009744491596457,1.8964170239865967,1551289998363
458,458,162,Accelerometer,-0.7796476830140391,0.7450511169428153,3.1614143842066076,1551289998373
460,460,162,Accelerometer,-1.0382514913414267,-0.307924299023073,1.6290475290914999,1551289998383
462,462,162,Accelerometer,0.270885291985582,-1.9380467115241748,1.6348045793097512,1551289998393
464,464,162,Accelerometer,-0.3043829999972406,-2.9076249571696104,3.4098863526224363,1551289998403
466,466,162,Accelerometer,0.7684451303426423,-2.195368133449257,2.5555042975641937,1551289998413
468,468,162,Accelerometer,-0.6189313034303151,-0.8670682041081772,1.5831166663482492,1551289998423
470,470,162,Accelerometer,-0.5534059949657528,-0.5451125811720252,1.0212250034777712,1551289998433
472,472,162,Accelerometer,0.6129135653229038,-1.0335916465446964,1.0808495046367992,1551289998443
474,474,162,Accelerometer,0.7151479380738242,-1.1206995805148663,1.6348045793097512,1551289998453
476,476,162,Accelerometer,-0.4869284924120146,-0.7327083381002493,2.1711233115298714,1551289998463
478,478,162,Accelerometer,-1.0938133372822048,-0.7498551985365589,2.1521288168506403,1551289998473
480,480,162,Accelerometer,-0.5686751537715697,-1.3575562091981292,1.9507074222170098,1551289998483
482,482,162,Accelerometer,-0.3043829999972406,-1.6705141862305968,2.216548640785338,1551289998493
484,484,162,Accelerometer,-0.5182304418992881,-0.7649347461578497,1.9472791365712268,1551289998503
486,486,162,Accelerometer,-0.02753032412550381,1.2136466906504488,-0.03360022714542388,1551289998513
488,488,162,Accelerometer,0.5092062750692365,-0.7498551985365589,1.1326756571774415,1551289998523
490,490,162,Accelerometer,-0.9329658868554322,-0.7327083381002493,-0.9163746239320862,1551289998533
492,492,162,Accelerometer,-0.3043829999972406,-0.7327083381002493,0.859251850476101,1551289998543
494,494,162,Accelerometer,-0.3043829999972406,1.50915243371188,1.1326756571774415,1551289998553
496,496,162,Accelerometer,-0.2454548627922577,-1.2515000969507737,1.193998406193946,1551289998563
498,498,162,Accelerometer,2.275267095216183,0.13638587261795493,1.6893779219857996,1551289998573
500,500,162,Accelerometer,3.3622041755180816,0.4076684956512272,0.0499209964864093,1551289998583
502,502,162,Accelerometer,3.847182901330928,-2.263889247678391,-3.1375971909207925,1551289998593
504,504,162,Accelerometer,2.6679146161285985,0.4076684956512272,-2.994839468253418,1551289998603
506,506,162,Accelerometer,-0.9501355320934417,0.13638587261795493,0.7141450808568826,1551289998613
508,508,162,Accelerometer,-4.029833433448366,-0.5046955701482945,1.9170646412834438,1551289998623
510,510,162,Accelerometer,-3.334762309719709,1.2369829805667827,-1.4196214568795362,1551289998633
512,512,162,Accelerometer,-0.036981781378056966,2.9250150773832124,-3.5391314641944382,1551289998643
514,514,162,Accelerometer,2.2717440731663783,1.6047231973303808,-0.9408740371381219,1551289998653
516,516,162,Accelerometer,2.4122733370061678,-0.38438785925831087,1.2444422477796242,1551289998663
518,518,162,Accelerometer,2.224482642388004,0.5518532817967611,-2.0610495411039835,1551289998673
520,520,162,Accelerometer,2.9028592283808576,2.964332797482714,-6.696532205653028,1551289998683
522,522,162,Accelerometer,2.5335462135596187,3.0645450167760613,-5.368185726760526,1551289998693
524,524,162,Accelerometer,-0.8691039659700376,0.9096045658598835,1.3207522362090787,1551289998703
526,526,162,Accelerometer,-4.7068379892332475,-0.7945613713429328,6.551481772826751,1551289998713
528,528,162,Accelerometer,-4.2627285729360445,-1.6521970502546137,6.343654222732745,1551289998724
530,530,162,Accelerometer,0.08818366736399097,-2.5529874649237065,1.8580753278031055,1551289998733
532,532,162,Accelerometer,3.273016510776704,-1.7852534656618184,-3.586419159321589,1551289998743
534,534,162,Accelerometer,2.890532316249825,2.326043295310557,-6.560052477426557,1551289998753
536,536,162,Accelerometer,0.6383025399217068,5.971213298493517,-5.310091179977884,1551289998763
538,538,162,Accelerometer,-2.216685355256658,3.3774119311282735,-0.5492421877001824,1551289998773
540,540,162,Accelerometer,-4.676243866872607,-3.6358484338560006,5.402340530391259,1551289998783
542,542,162,Accelerometer,-3.4382646566148845,-6.2777251895449995,8.361115042395106,1551289998793
544,544,162,Accelerometer,2.689323388100038,-0.7869120018837166,4.481469159145371,1551289998803
546,546,162,Accelerometer,7.968717170849432,6.693348346249071,-3.462316367889035,1551289998813
548,548,162,Accelerometer,6.510987161895107,-0.7869120018837166,-7.475077188685056,1551289998823
550,550,162,Accelerometer,1.2580146906799308,6.140679583495359,-4.634707748533597,1551289998834
552,552,162,Accelerometer,-1.005423074435406,1.5139292963474644,0.5910744909863818,1551289998843
554,554,162,Accelerometer,-0.03043187877449205,-1.1869656223413312,3.746844791532605,1551289998853
556,556,162,Accelerometer,-0.3292232058770591,-0.2909881792646837,3.7570013483287146,1551289998863
558,558,162,Accelerometer,-2.590286389559814,2.0948238589492223,1.5653570322447055,1551289998873
560,560,162,Accelerometer,-3.4359950359230655,1.7061426326621416,-0.47405930317547973,1551289998883
562,562,162,Accelerometer,-1.4214010988222179,-1.7097369366091284,-0.7506201800526997,1551289998893
564,564,162,Accelerometer,1.6094034024354598,0.37699602375134894,-0.43937907958166633,1551289998903
566,566,162,Accelerometer,3.3422647290134817,-3.5372248581259873,-0.7257685491312543,1551289998913
568,568,162,Accelerometer,2.2189446596552784,-2.6931469750545,-0.6345863382793175,1551289998923
570,570,162,Accelerometer,-1.4090910969942028,-2.317515831642048,-0.07193264456373555,1551289998933
572,572,162,Accelerometer,-3.9863773112535887,-1.0302068587624866,-0.8106495526554429,1551289998943
574,574,162,Accelerometer,-2.4914891151901672,0.7044826420673397,-0.3233912855041336,1551289998953
576,576,162,Accelerometer,0.8801375028571377,1.0871204660744298,-0.3233912855041336,1551289998963
578,578,162,Accelerometer,1.9423732515913383,0.37699602375134894,-0.3233912855041336,1551289998973
580,580,162,Accelerometer,0.35142729662434413,0.10347470542811256,-1.0829857458487178,1551289998983
582,582,162,Accelerometer,-1.1691691934356452,0.39921772234791186,-0.3233912855041336,1551289998993
584,584,162,Accelerometer,-0.7575716848943812,0.480473767630496,-0.15175942724882763,1551289999003
586,586,162,Accelerometer,0.9816452557316757,0.27955057459126176,-0.25541891894462093,1551289999013
588,588,162,Accelerometer,1.6100406502523308,0.07759068052253626,-0.2687962439645522,1551289999023
590,590,162,Accelerometer,-0.21688738598456386,-0.16236933652902652,0.18179646020780885,1551289999034
592,592,162,Accelerometer,-2.4506345273672276,-0.24972643464506522,0.8652977658040684,1551289999043
594,594,162,Accelerometer,-2.286044907363105,0.10981986326736026,0.9932390825491586,1551289999053
596,596,162,Accelerometer,0.14225095753651112,0.41397828820943294,0.34945804566834093,1551289999065
597,597,162,Accelerometer,2.3410276129408407,0.05735758263574405,-0.21353812792038568,1551289999073
599,599,162,Accelerometer,2.2648917319576825,-0.4028965865055792,-0.009886371376505804,1551289999083
601,601,162,Accelerometer,0.2842316977468703,-0.18922901551313417,0.3925241069263327,1551289999093
603,603,162,Accelerometer,-1.0761787849569544,0.225179051491652,0.21055947537077474,1551289999103
605,605,162,Accelerometer,-0.4535065644879358,0.029144320992112865,-0.1592673322900049,1551289999113
607,607,162,Accelerometer,0.3568257508875381,-0.42350673900688096,0.09676281918940294,1551289999123
609,609,162,Accelerometer,-0.22355030422241257,-0.3643710923234794,0.7497379801251405,1551289999133
611,611,162,Accelerometer,-0.6386297475366629,-0.05299280031159566,0.9095377554906061,1551289999143
613,613,162,Accelerometer,0.7024937929049426,-0.21046789537883415,0.39645676773232413,1551289999153
615,615,162,Accelerometer,2.1871994996987962,-0.6284130964453088,0.04393887582680778,1551289999163
617,617,162,Accelerometer,1.5397764695515015,-0.48000008081527057,0.6848521903224236,1551289999173
619,619,162,Accelerometer,-0.45727707937970713,0.29285518126718213,1.8579018368132305,1551289999183
621,621,162,Accelerometer,-1.0707956840127026,-0.18922901551313417,2.0576608014175877,1551289999193
623,623,162,Accelerometer,0.30718846196678407,0.43854152034745664,0.9977227086478244,1551289999203
625,625,162,Accelerometer,1.1805351127301043,-0.1992694109964544,0.3767370074195825,1551289999213
627,627,162,Accelerometer,-0.10335000545452705,-0.25185774355664836,1.0618575602321847,1551289999223
629,629,162,Accelerometer,-1.3812829232155095,0.02470331258366583,1.485444054421476,1551289999233
631,631,162,Accelerometer,-0.07680437860759615,-0.3323482947175652,0.6164343460494686,1551289999243
633,633,162,Accelerometer,2.193888372077828,-1.1845847959850688,0.09229997501444526,1551289999253
635,635,162,Accelerometer,1.9194627124701298,-1.2400510228871506,1.2407956901270547,1551289999263
637,637,162,Accelerometer,-0.47708220389837885,-0.16222827363036935,2.4000571261796195,1551289999273
639,639,162,Accelerometer,-1.1093103630543846,0.685161163893167,1.6589428973665907,1551289999283
641,641,162,Accelerometer,0.9979955283610094,0.25250502234909106,0.13377667444874408,1551289999293
643,643,162,Accelerometer,2.269215715275623,-0.669944904907387,-0.0951754093843931,1551289999303
645,645,162,Accelerometer,0.6640202249662348,-0.773664109741367,0.5913460478995956,1551289999313
647,647,162,Accelerometer,-0.8726636631992377,-0.21202999595936545,0.6213740649142776,1551289999323
649,649,162,Accelerometer,0.6287781476043608,-0.30995509007185007,0.24048642118313046,1551289999333
651,651,162,Accelerometer,3.396103577929245,-1.5345067281285218,0.7210297188380518,1551289999343
653,653,162,Accelerometer,3.928471882451265,-2.769145158880735,1.7243693554521387,1551289999353
655,655,162,Accelerometer,2.4186860370273964,-3.267306189358949,1.7953390990193978,1551289999363
657,657,162,Accelerometer,1.664205547954745,-3.9403777647284848,1.1965453417216902,1551289999373
659,659,162,Accelerometer,1.2549707078036698,-0.21202999595936545,1.7856855429798915,1551289999383
661,661,162,Accelerometer,-1.8776076948320901,-2.6609269863299607,0.13377667444874408,1551289999393
663,663,162,Accelerometer,0.6287781476043608,2.663609051635137,2.4066118394915144,1551289999403
665,665,162,Accelerometer,0.32571658809563164,-0.21202999595936545,-1.1349028025012486,1551289999413
667,667,162,Accelerometer,0.32571658809563164,-0.21202999595936545,0.6213740649142776,1551289999423
669,669,162,Accelerometer,1.6906424500317914,2.349137649585993,-2.552714797389239,1551289999433
671,671,162,Accelerometer,-1.84734293827892,1.1788346871292563,-0.582215151386267,1551289999443
673,673,162,Accelerometer,-3.1346947744603253,1.0382965677909806,-0.06352472548494029,1551289999453
675,675,162,Accelerometer,-0.05485421361984688,0.22836636820984638,-0.4319853248718123,1551289999463
677,677,162,Accelerometer,-0.05485421361984688,-0.26302035019706477,-0.5939082488180437,1551289999473
679,679,162,Accelerometer,0.7302832079089039,0.3794234621503864,-0.44555258950715293,1551289999483
681,681,162,Accelerometer,-0.6614991253191507,0.7764981399387385,0.10353891487783239,1551289999493
683,683,162,Accelerometer,-0.36845401793259114,-0.055304780762534644,1.1422884477648867,1551289999503
685,685,162,Accelerometer,0.19411766120889246,-1.0038067420966381,-0.1282198558351641,1551289999513
687,687,162,Accelerometer,0.07562761150310973,-0.8473357592371338,-0.1282198558351641,1551289999523
689,689,162,Accelerometer,-0.12016182405436263,-0.06568452837992297,-0.11026661470307271,1551289999533
691,691,162,Accelerometer,0.013791470544200414,0.19014251284431713,0.2742000086979248,1551289999543
693,693,162,Accelerometer,0.08470813694973536,-0.2294028560459861,-0.11026661470307271,1551289999553
695,695,162,Accelerometer,-0.15546101909101046,-0.6568259665739256,-0.1282198558351641,1551289999563
697,697,162,Accelerometer,-0.5068592962289298,-0.6772948083164705,0.012150458380440115,1551289999573
699,699,162,Accelerometer,-0.9079172845265994,-0.24018861990535087,0.047145606171120076,1551289999583
701,701,162,Accelerometer,-0.12016182405436263,0.5612667819965902,-0.4757838468047507,1551289999593
703,703,162,Accelerometer,0.013791470544200414,-0.06568452837992297,-0.061339585353442805,1551289999603
705,705,162,Accelerometer,0.23996844149217894,0.9473671410748912,-0.11026661470307271,1551289999613
707,707,162,Accelerometer,0.0621670997163815,0.12870688478432307,-0.9640678008050764,1551289999623
709,709,162,Accelerometer,0.13423368381227901,-0.3840376191243796,-0.061339585353442805,1551289999633
711,711,162,Accelerometer,-0.39821560509637266,-0.47356707122586184,0.20923416364147546,1551289999643
713,713,162,Accelerometer,0.0621670997163815,-0.565881842672046,0.13022089655451202,1551289999653
715,715,162,Accelerometer,0.48420877083236563,-0.44899795539610554,-0.002822496172300081,1551289999663
717,717,162,Accelerometer,0.09410958077999425,0.11932784907739669,-0.371487024728639,1551289999673
719,719,162,Accelerometer,-0.3020503320209267,0.49236807733320087,-0.8169556254043561,1551289999683
721,721,162,Accelerometer,-0.1408688148712728,0.25646209019409383,-0.9850161857916795,1551289999693
723,723,162,Accelerometer,0.12449190186672099,0.03478238778297267,-1.0070442887029263,1551289999703
725,725,162,Accelerometer,0.24566109586768886,0.18064840557793432,-0.9941191194598764,1551289999713
727,727,162,Accelerometer,0.3123009547944732,0.14274924893689908,-0.6510795025448968,1551289999723
729,729,162,Accelerometer,0.18788374278249984,-0.3071074637676677,-0.047433751210768524,1551289999733
731,731,162,Accelerometer,-0.09578114297541077,-0.5822479854721181,0.1885163936092693,1551289999743
733,733,162,Accelerometer,-0.20922701201465477,-0.30886117273253266,-0.16204235080256899,1551289999753
735,735,162,Accelerometer,-0.15361705864312564,0.12616966126465462,-0.5627856387463006,1551289999763
737,737,162,Accelerometer,-0.19839349797964295,0.23088833838726608,-0.5796439894735663,1551289999773
739,739,162,Accelerometer,-0.28668293127425987,0.012027252801645329,-0.4155071495579229,1551289999783
741,741,162,Accelerometer,-0.2106725171772502,-0.25264508621686754,-0.3826093617656293,1551289999793
743,743,162,Accelerometer,-0.11242744903943078,-0.4108673078283276,-0.4301771959128108,1551289999803
745,745,162,Accelerometer,-0.2119994626010475,-0.4031241326746009,-0.42349611965213485,1551289999813
747,747,162,Accelerometer,-0.35034490932532086,-0.22340536013912016,-0.39366489323470005,1551289999823
749,749,162,Accelerometer,-0.3021885426489976,-0.036848262688453176,-0.33925899040933705,1551289999833
751,751,162,Accelerometer,-0.187950061263223,0.007752417604462664,-0.20834935167251029,1551289999843
753,753,162,Accelerometer,-0.18222235940164735,0.016207435394731965,-0.1425385654619078,1551289999853
755,755,162,Accelerometer,-0.21382870244790064,0.11162146677109984,-0.3145924561115784,1551289999863
757,757,162,Accelerometer,-0.23165064078907743,0.2052105501392275,-0.5353189057199148,1551289999873
759,759,162,Accelerometer,-0.34539355400297145,0.2353598497315999,-0.4781223543601021,1551289999883
761,761,162,Accelerometer,-0.5116309470789835,0.2855226638759893,-0.2309454034133156,1551289999893
763,763,162,Accelerometer,-0.49727097994963265,0.30473395901244765,-0.14193859774703987,1551289999903
765,765,162,Accelerometer,-0.31588593325560455,0.14238736508000185,-0.24304694854710943,1551289999914
767,767,162,Accelerometer,-0.28973893260656924,-0.055649116150697044,-0.30126560340601094,1551289999923
769,769,162,Accelerometer,-0.5106198915886727,0.005712629954251925,-0.26017763759206813,1551289999933
771,771,162,Accelerometer,-0.21382870244790064,0.2171118151066223,-0.23860870322959654,1551289999943
773,773,162,Accelerometer,-0.4340611943943935,0.20179215142753293,-0.2715950639126862,1551289999953
775,775,162,Accelerometer,-0.10017695568556534,-0.03859550416192522,-0.30139277948931986,1551289999963
777,777,162,Accelerometer,0.00936819807693668,-0.14127419287487916,-0.3105063202490186,1551289999973
779,779,162,Accelerometer,-0.09570771550403288,-0.00035840770876897216,-0.32889799619829235,1551289999983
781,781,162,Accelerometer,-0.10113513327614135,0.09938138286389592,-0.33616217462160347,1551289999993
783,783,162,Accelerometer,0.08516084347371157,-0.0217511349762227,-0.2612328201641431,1551290000004
785,785,162,Accelerometer,0.17567198973600898,-0.19168048437858684,-0.11910596702825801,1551290000014
787,787,162,Accelerometer,-0.006977477476988937,-0.20070356148145607,-0.05416409241925668,1551290000023
789,789,162,Accelerometer,-0.22666699607987134,-0.07103623514189436,-0.19385652778654783,1551290000033
791,791,162,Accelerometer,-0.20478689067346822,0.04854348588136154,-0.4830605066305957,1551290000043
793,793,162,Accelerometer,-0.026644612829623472,0.05419143199214284,-0.6752265703991072,1551290000053
795,795,162,Accelerometer,0.006899238394437544,-0.04489392846053926,-0.5624766181043862,1551290000063
797,797,162,Accelerometer,-0.18604950950297106,-0.11282545518539515,-0.23763711202703422,1551290000073
799,799,162,Accelerometer,-0.35596267372185897,-0.0367607952986402,0.019954917152726646,1551290000083
801,801,162,Accelerometer,-0.2804917391060324,0.07525303810660168,0.11012579153299064,1551290000093
803,803,162,Accelerometer,-0.07827082771087056,0.03223870914712908,0.1535654859727047,1551290000104
805,805,162,Accelerometer,-0.019599839096050658,-0.13384468340246758,0.22056031100575263,1551290000113
807,807,162,Accelerometer,-0.13236194894467518,-0.23190810824335323,0.25590830916710705,1551290000123
809,809,162,Accelerometer,-0.1922448236206124,-0.20948248990181734,0.22649906534027314,1551290000133
811,811,162,Accelerometer,-0.08400779516979076,-0.17105710776889843,0.1626655721828768,1551290000143
813,813,162,Accelerometer,0.03896206787589559,-0.17930907646295663,0.10277675641638001,1551290000153
815,815,162,Accelerometer,0.020435960063296274,-0.18900027202207684,0.09691401622163628,1551290000163
817,817,162,Accelerometer,-0.07462135190853546,-0.13714232606444005,0.17841988379399595,1551290000173
819,819,162,Accelerometer,-0.09308336522729907,-0.04070324190078675,0.2655636963584208,1551290000183
821,821,162,Accelerometer,0.008765929297313315,0.02463518481610823,0.2036071259344801,1551290000193
823,823,162,Accelerometer,0.14386025997161433,0.06898662706921434,-0.04539696155657051,1551290000203
825,825,162,Accelerometer,0.1818941176231117,-0.12318026013698542,-0.34279242233852314,1551290000213
827,827,162,Accelerometer,0.09113024212025635,-0.10818517396035537,-0.5048110814227151,1551290000223
829,829,162,Accelerometer,0.002414827882684316,-0.07710077409422827,-0.44981902854582256,1551290000233
831,831,162,Accelerometer,0.043883266211824666,-0.06782957960424463,-0.2508701601410557,1551290000243
833,833,162,Accelerometer,0.15144078254809443,0.014478738147189342,-0.05257937621751337,1551290000253
835,835,162,Accelerometer,0.16223307497846934,-0.12318026013698542,0.06462477256919207,1551290000263
837,837,162,Accelerometer,0.06722054485893936,-0.16398836257849675,0.0925344457061443,1551290000273
839,839,162,Accelerometer,0.011479304699933517,-0.17029840490702577,0.017887527844848428,1551290000283
841,841,162,Accelerometer,0.009248013953664116,-0.15095806063927003,-0.15204610306376945,1551290000293
843,843,162,Accelerometer,-0.10270178079135064,-0.10818517396035537,-0.3263320440328208,1551290000303
845,845,162,Accelerometer,-0.3194820199644812,-0.07710077409422827,-0.41127588675020277,1551290000313
847,847,162,Accelerometer,-0.04774171964200512,-0.06782957960424463,-0.4316214388331381,1551290000323
849,849,162,Accelerometer,-0.27336397750385016,-0.05148399921665643,-0.4702966384706946,1551290000333
851,851,162,Accelerometer,-0.15912634157146632,-0.019657466085028517,-0.5251104720850558,1551290000343
853,853,162,Accelerometer,-0.1979321999996642,0.010947136641096967,-0.5382542466703308,1551290000353
855,855,162,Accelerometer,-0.2727302407605952,0.03835444065807441,-0.5159224554380992,1551290000363
857,857,162,Accelerometer,-0.2420566889073397,0.06715153198433929,-0.49818541374536385,1551290000373
859,859,162,Accelerometer,-0.13587700759036658,0.09049503801233566,-0.47292769232046405,1551290000383
861,861,162,Accelerometer,-0.06379737448533836,0.10724265021747423,-0.4193609396670934,1551290000393
863,863,162,Accelerometer,-0.04774171964200512,0.12443201227634787,-0.36880951340840573,1551290000403
865,865,162,Accelerometer,-0.03716828329395231,0.1342964884209114,-0.3535122713382952,1551290000413
867,867,162,Accelerometer,-0.028080711747216117,0.11614377197131329,-0.35388423650491907,1551290000423
869,869,162,Accelerometer,-0.057694384551346636,0.06770190280841534,-0.34059827625650263,1551290000433
871,871,162,Accelerometer,-0.12438099596225952,0.016705158661216607,-0.32326716573970726,1551290000443
873,873,162,Accelerometer,-0.20205664593902967,-0.008525043468084937,-0.3246103144879049,1551290000453
875,875,162,Accelerometer,-0.283778202723132,-0.006967904238498876,-0.3407249492593267,1551290000463
877,877,162,Accelerometer,-0.35913251497620846,0.005220759198449555,-0.35089726781068936,1551290000473
879,879,162,Accelerometer,-0.405999387146152,0.016621890977480236,-0.3401682999355382,1551290000483
881,881,162,Accelerometer,-0.4217564945362906,0.024731557229677157,-0.3030381911392529,1551290000493
883,883,162,Accelerometer,-0.4136430845442999,0.03309853987760592,-0.2502951324716147,1551290000503
885,885,162,Accelerometer,-0.3732611894628084,0.04736739834205214,-0.20929886132437583,1551290000513
887,887,162,Accelerometer,-0.30495962751845684,0.0179535681052403,-0.19324645258126608,1551290000523
889,889,162,Accelerometer,-0.25463733936179184,0.0179535681052403,-0.17945813963017943,1551290000533
891,891,162,Accelerometer,-0.26344673558622145,0.05861501785660708,-0.13921566553514697,1551290000543
893,893,162,Accelerometer,-0.30474979661536533,0.03352353244644437,-0.07783597646147339,1551290000553
895,895,162,Accelerometer,-0.31691894665243847,0.012583652444245034,-0.026504746972392978,1551290000563
897,897,162,Accelerometer,-0.2963139218659908,0.0048495140154961956,-0.0029929729061657253,1551290000573
899,899,162,Accelerometer,-0.2866557914894321,0.007023798319057455,-0.0001526853033240068,1551290000583
901,901,162,Accelerometer,-0.2717044108519771,0.010377035655279983,-0.01547785790237742,1551290000593
903,903,162,Accelerometer,-0.20600316194094104,0.011517597670181293,-0.06651716003112804,1551290000603
905,905,162,Accelerometer,-0.17887911707460072,0.0179535681052403,-0.14595749661623766,1551290000614
907,907,162,Accelerometer,-0.29856613845601376,0.032741216712989546,-0.1866615316432464,1551290000623
909,909,162,Accelerometer,-0.3350560999229807,0.03279703253612651,-0.14173438859199658,1551290000633
911,911,162,Accelerometer,-0.014819706653844203,-0.003077909295839256,-0.05684891585841605,1551290000643
913,913,162,Accelerometer,0.14014844222241815,0.009969436165538175,0.05471488835910134,1551290000653
915,915,162,Accelerometer,-0.5162692062001641,0.007023798319057455,0.23140515391606506,1551290000663
917,917,162,Accelerometer,-0.8224515847775358,0.010856015122361357,0.24456825222755252,1551290000673
919,919,162,Accelerometer,0.8957714882642231,0.012585034733927651,-0.2219260864700602,1551290000683
921,921,162,Accelerometer,-0.17887911707460072,0.0002486333544942168,-0.01547785790237742,1551290000693
923,923,162,Accelerometer,-0.06826298213110465,0.015881390316038073,-0.40955426310218024,1551290000703
925,925,162,Accelerometer,-1.2485843546625257,0.009969436165538175,0.5401113572736993,1551290000713
927,927,162,Accelerometer,-1.5757705782031395,-0.054310516568025664,0.17597899896786012,1551290000724
929,929,162,Accelerometer,0.7429459347410419,-0.09766149543455117,0.4795775781695479,1551290000733
931,931,162,Accelerometer,0.02436136608968415,-0.06578577902999398,-0.09766477403361314,1551290000743
933,933,162,Accelerometer,0.6151745021238257,-0.0443277458090456,0.24456825222755252,1551290000753
935,935,162,Accelerometer,-0.6638293459220779,-0.026865215969274367,0.17597899896786012,1551290000763
937,937,162,Accelerometer,-0.6505148657488886,-0.0250750375970423,0.3650800623651788,1551290000773
939,939,162,Accelerometer,-0.06826298213110465,-0.028009779467285202,0.30729178590326345,1551290000783
941,941,162,Accelerometer,0.16608936594095858,-0.028009779467285202,0.1827230241041646,1551290000793
943,943,162,Accelerometer,0.043604255471036406,0.03073326136372703,0.16350503857842474,1551290000803
945,945,162,Accelerometer,-0.06607926139376541,-0.00523647650381253,0.2571351226606401,1551290000813
947,947,162,Accelerometer,-0.05307771035402974,-0.050899786905074046,0.3589330713950326,1551290000823
949,949,162,Accelerometer,0.02436136608968415,-0.04679588831310627,0.38917092039235285,1551290000834
951,951,162,Accelerometer,0.14036632313314604,-0.0167850156449614,0.3608960784478124,1551290000844
953,953,162,Accelerometer,0.23492319684093327,-0.00276734281322174,0.3276363489884111,1551290000853
955,955,162,Accelerometer,0.2452010687794851,-0.01115145659119855,0.31537176812913226,1551290000863
957,957,162,Accelerometer,0.21578684830185352,-0.0250750375970423,0.31692788653710074,1551290000873
959,959,162,Accelerometer,0.21635106332388615,-0.031585202776818457,0.31294044326629794,1551290000883
961,961,162,Accelerometer,0.23431301234400828,-0.026922522086377045,0.2844131610092465,1551290000893
963,963,162,Accelerometer,0.22685707189997403,-0.014899677693487611,0.23171178274896856,1551290000903
965,965,162,Accelerometer,0.1944603064812614,-0.004630071997692967,0.18323573595102324,1551290000913
967,967,162,Accelerometer,0.16906321233717297,-0.0008325358652613215,0.16231024067747202,1551290000924
969,969,162,Accelerometer,0.15811257743571833,-0.002439145997672318,0.15927603182636027,1551290000933
971,971,162,Accelerometer,0.11962344742683356,-0.011033186593612819,0.159246561651272,1551290000944
973,973,162,Accelerometer,0.02417765991669419,-0.026157053365398815,0.1704827853841479,1551290000953
975,975,162,Accelerometer,-0.0760846378975979,-0.03608095023190065,0.19859962321773533,1551290000963
977,977,162,Accelerometer,-0.09918052494549123,-0.0290208196625613,0.22207576399382759,1551290000973
979,979,162,Accelerometer,-0.0353081459900265,-0.010063529007155281,0.21947283993230904,1551290000983
981,981,162,Accelerometer,0.056966695999065384,0.004884704755854017,0.19659789325177524,1551290000993
983,983,162,Accelerometer,0.13719775686994906,0.009863685645394304,0.16918646665259512,1551290001003
