Unnamed: 0.1,Unnamed: 0,statusId,sensorName,valueX,valueY,valueZ,timestamp
1629,1629,462,Gyroscope,-0.15773683976147976,0.11538070819447366,0.08874661741505391,1567457512496
1631,1631,462,Gyroscope,-0.18173748103674014,0.14812003585074773,0.08781986750503498,1567457512497
1633,1633,462,Gyroscope,-0.19911585162036716,0.17751117762155602,0.08741387717472711,1567457512499
1635,1635,462,Gyroscope,-0.21557541850414802,0.2135936940732484,0.08685576911760869,1567457512502
1637,1637,462,Gyroscope,-0.23850070555530295,0.2650734393309436,0.08358324206626028,1567457512504
1639,1639,462,Gyroscope,-0.2641476282503807,0.3216160513185466,0.07577499902163783,1567457512506
1641,1641,462,Gyroscope,-0.2856823856480509,0.36829800591847345,0.06482435691959666,1567457512507
1643,1643,462,Gyroscope,-0.3058406701952573,0.41180230995699396,0.053152195816138864,1567457512509
1645,1645,462,Gyroscope,-0.33168067695533304,0.4726613067228377,0.04221133855117015,1567457512512
1647,1647,462,Gyroscope,-0.3617893254458307,0.5529972590353174,0.03358965276913644,1567457512514
1649,1649,462,Gyroscope,-0.38882373335111414,0.633109559543336,0.027762241877860153,1567457512516
1651,1651,462,Gyroscope,-0.41194271710543595,0.7011003150490202,0.021862446491562264,1567457512518
1653,1653,462,Gyroscope,-0.43571086432028916,0.7641930756856361,0.013440966012694292,1567457512520
1655,1655,462,Gyroscope,-0.4593810045623562,0.8313133265408323,0.004255888350322007,1567457512522
1657,1657,462,Gyroscope,-0.4786333420517571,0.9028083703988015,-0.0045496834705703575,1567457512524
1659,1659,462,Gyroscope,-0.4943784365613024,0.9712960006780407,-0.016589330157197157,1567457512526
1661,1661,462,Gyroscope,-0.5102920148992833,1.023072346390239,-0.03489422415412617,1567457512528
1664,1664,462,Gyroscope,-0.5256463051139776,1.0506962759058855,-0.058614189576708,1567457512529
1666,1666,462,Gyroscope,-0.5370080808065257,1.0641424308941638,-0.08875086121709139,1567457512531
1667,1667,462,Gyroscope,-0.5435809688678452,1.0766753132738773,-0.12857437614403278,1567457512533
1669,1669,462,Gyroscope,-0.5467380906167804,1.0875203054491969,-0.1748506236766011,1567457512536
1672,1672,462,Gyroscope,-0.546442744967166,1.0889095527120443,-0.21954774841257668,1567457512538
1674,1674,462,Gyroscope,-0.5415473239202041,1.0792503896667376,-0.2626479695490255,1567457512540
1676,1676,462,Gyroscope,-0.5328825075636736,1.0619249143770038,-0.31029213402210043,1567457512541
1678,1678,462,Gyroscope,-0.5229868676684465,1.0404861490306967,-0.36041457448601705,1567457512543
1679,1679,462,Gyroscope,-0.5127006048862413,1.017441080610562,-0.4044519423695232,1567457512546
1681,1681,462,Gyroscope,-0.5004224075195505,0.9895131014050156,-0.441729861856971,1567457512548
1683,1683,462,Gyroscope,-0.4854408691550801,0.9470332261788452,-0.4797002316601082,1567457512550
1685,1685,462,Gyroscope,-0.47014051736321205,0.8860995077747682,-0.5212957230514821,1567457512552
1687,1687,462,Gyroscope,-0.456574294316975,0.8139828585432509,-0.5616063148030342,1567457512553
1689,1689,462,Gyroscope,-0.44246003486076724,0.7376265365346082,-0.5964399217660674,1567457512555
1691,1691,462,Gyroscope,-0.4251075704405186,0.6585888655779467,-0.6258980992584957,1567457512558
1693,1693,462,Gyroscope,-0.40735717758939405,0.5778046960010139,-0.6493419569583204,1567457512560
1695,1695,462,Gyroscope,-0.3930800265289114,0.49237545325464216,-0.6643345941303327,1567457512562
1697,1697,462,Gyroscope,-0.3790356696837113,0.39710976554043764,-0.671432623062824,1567457512563
1699,1699,462,Gyroscope,-0.3590771594168911,0.298490704403754,-0.6749050530688083,1567457512565
1702,1702,462,Gyroscope,-0.3343074649882946,0.21192598283214126,-0.6772651815018784,1567457512568
1703,1703,462,Gyroscope,-0.310310992558838,0.1410298585872045,-0.6754710616899305,1567457512570
1705,1705,462,Gyroscope,-0.2870025183198624,0.07522670919846262,-0.6653864155096224,1567457512572
1707,1707,462,Gyroscope,-0.26127976411600906,0.008095192392026962,-0.6490504551798959,1567457512574
1709,1709,462,Gyroscope,-0.23585328412371004,-0.056501756371371906,-0.6323806302819378,1567457512575
1712,1712,462,Gyroscope,-0.21483389448340473,-0.11582248904063172,-0.6162843808362757,1567457512578
1714,1714,462,Gyroscope,-0.1956619907368591,-0.17120814491008557,-0.5969102151520591,1567457512580
1716,1716,462,Gyroscope,-0.17418308675811378,-0.22014778062094215,-0.5740953240615666,1567457512582
1718,1718,462,Gyroscope,-0.1512248117620094,-0.2589390239243389,-0.5521087593115878,1567457512584
1719,1719,462,Gyroscope,-0.12798155108508624,-0.2910232164839268,-0.5315899046992357,1567457512585
1721,1721,462,Gyroscope,-0.10219666295617078,-0.3216325078947797,-0.5075072263601947,1567457512587
1724,1724,462,Gyroscope,-0.07326544107113188,-0.34920807855794067,-0.47709647600239496,1567457512590
1725,1725,462,Gyroscope,-0.04394789859071538,-0.3707517553551333,-0.44362026861110726,1567457512592
1728,1728,462,Gyroscope,-0.014294552923658754,-0.3887040043013842,-0.40950278628988046,1567457512594
1730,1730,462,Gyroscope,0.019745018468314557,-0.4040985987547677,-0.37273026561960027,1567457512596
1731,1731,462,Gyroscope,0.06057456556234121,-0.4108019883964476,-0.33309262434854814,1567457512597
1734,1734,462,Gyroscope,0.10453086320096064,-0.40865976599732634,-0.29525136168360266,1567457512599
1736,1736,462,Gyroscope,0.14142225040463793,-0.415166329378035,-0.26320745310959076,1567457512602
1737,1737,462,Gyroscope,0.1615062408402311,-0.44548365543351565,-0.2362480692647661,1567457512604
1739,1739,462,Gyroscope,0.1681416224765406,-0.48434502429026505,-0.21109940060419013,1567457512606
1741,1741,462,Gyroscope,0.17761980048312867,-0.49912987089198324,-0.18471856891351815,1567457512608
1743,1743,462,Gyroscope,0.20142383037019895,-0.47919287948326605,-0.15514668285245675,1567457512609
1745,1745,462,Gyroscope,0.23553186629680978,-0.44196624068028634,-0.12350554885712833,1567457512611
1747,1747,462,Gyroscope,0.27136541249626,-0.4023648406040583,-0.09433961837170207,1567457512614
1749,1749,462,Gyroscope,0.30924433074607494,-0.3562173506639389,-0.07000563374461757,1567457512616
1751,1751,462,Gyroscope,0.3528651206674791,-0.2966467214776207,-0.048199018636024965,1567457512618
1753,1753,462,Gyroscope,0.3966629251545547,-0.23062360108484278,-0.028377800204338645,1567457512620
1755,1755,462,Gyroscope,0.43099977258843936,-0.1697191928185823,-0.013028493671149104,1567457512621
1758,1758,462,Gyroscope,0.45714392951106236,-0.11287505369723283,0.0009739710097797996,1567457512624
1760,1760,462,Gyroscope,0.4849134579204589,-0.05023398031504873,0.022451115790843554,1567457512626
1762,1762,462,Gyroscope,0.5170280114114496,0.01831055611052825,0.05382864728760691,1567457512628
1764,1764,462,Gyroscope,0.547067249842408,0.08170448246741774,0.08860005077779723,1567457512630
1766,1766,462,Gyroscope,0.5720003797317714,0.13663138314555967,0.12229513338212043,1567457512631
1768,1768,462,Gyroscope,0.5957506098634668,0.19244306708180248,0.15584565682097878,1567457512633
1770,1770,462,Gyroscope,0.6199860145637732,0.25356700192556086,0.1884963302459064,1567457512636
1771,1771,462,Gyroscope,0.6411161234049471,0.31371655833344514,0.2169275225800428,1567457512638
1773,1773,462,Gyroscope,0.6579742522031546,0.37137004902724124,0.2402389481404189,1567457512640
1776,1776,462,Gyroscope,0.6749617014103644,0.4345225826545911,0.2597420709518313,1567457512642
1778,1778,462,Gyroscope,0.6943886823188863,0.5051620323052315,0.2755632580908307,1567457512644
1779,1779,462,Gyroscope,0.7106746323288864,0.5731338246478543,0.2859888850461083,1567457512645
1781,1781,462,Gyroscope,0.7166650756835629,0.6300371172945289,0.28904871563541285,1567457512647
1784,1784,462,Gyroscope,0.7114935180674062,0.6750311604230587,0.28404878364306685,1567457512650
1786,1786,462,Gyroscope,0.6966498426822061,0.7030833567436054,0.2711699607401751,1567457512652
1788,1788,462,Gyroscope,0.6701950406665682,0.7031791338100418,0.2503896791642005,1567457512654
1790,1790,462,Gyroscope,0.6327743227346216,0.6729912582729665,0.22331438037679519,1567457512656
1792,1792,462,Gyroscope,0.5930912930074898,0.6238465758878978,0.19539526785996136,1567457512657
1794,1794,462,Gyroscope,0.5586850897447075,0.568045219686418,0.17286874813014197,1567457512659
1796,1796,462,Gyroscope,0.5265581587902429,0.5065677146958545,0.15714188755710928,1567457512662
1797,1797,462,Gyroscope,0.49023968201891793,0.4316319179899782,0.14452662317405537,1567457512664
1800,1800,462,Gyroscope,0.45053844118339403,0.3427982042942257,0.1322629883457105,1567457512666
1802,1802,462,Gyroscope,0.4109091935198297,0.25598346989883125,0.12276240182719649,1567457512668
1804,1804,462,Gyroscope,0.36747047075069506,0.18832866085792566,0.11963566891735382,1567457512669
1806,1806,462,Gyroscope,0.3153459647693068,0.13990700159673497,0.12140073180868556,1567457512671
1808,1808,462,Gyroscope,0.2608756023256109,0.09948886728939896,0.12305650517265154,1567457512674
1810,1810,462,Gyroscope,0.21406552296007553,0.0616835325361762,0.12271778754500809,1567457512676
1812,1812,462,Gyroscope,0.17248025851613843,0.03135389908322172,0.1226080323198302,1567457512678
1814,1814,462,Gyroscope,0.1259620450764038,0.015067632353651541,0.12438872930105987,1567457512680
1816,1816,462,Gyroscope,0.07403341041401523,0.012114906995182537,0.1275400638991233,1567457512681
1818,1818,462,Gyroscope,0.02514475267532494,0.015258876733040244,0.13226213899564299,1567457512683
1819,1819,462,Gyroscope,-0.019042010995435975,0.019810065627457782,0.14028444164387077,1567457512686
1822,1822,462,Gyroscope,-0.06433584731474457,0.027568046913453766,0.1517565996389567,1567457512688
1824,1824,462,Gyroscope,-0.11055736908744287,0.04105369109839714,0.16395186846716805,1567457512690
1826,1826,462,Gyroscope,-0.15120800045141325,0.06052753907914092,0.1744957339456949,1567457512692
1828,1828,462,Gyroscope,-0.18493722849131033,0.0885803179188222,0.18427972231488837,1567457512693
1830,1830,462,Gyroscope,-0.21597248472232572,0.12834935266129843,0.19530428008597062,1567457512695
1832,1832,462,Gyroscope,-0.24422232308661784,0.17514152398667712,0.20613247590362727,1567457512698
1833,1833,462,Gyroscope,-0.26325797640289617,0.22499837053410854,0.21230062915550393,1567457512700
1835,1835,462,Gyroscope,-0.26934479605612704,0.2923871075726491,0.21248308432269303,1567457512702
1837,1837,462,Gyroscope,-0.2662100124727309,0.39676404591984893,0.2115267146112138,1567457512704
1839,1839,462,Gyroscope,-0.25651164613406996,0.5339065072029793,0.21523277103949634,1567457512705
1841,1841,462,Gyroscope,-0.2345667928630873,0.6835691230934292,0.22390850883215285,1567457512707
1844,1844,462,Gyroscope,-0.19549907638661973,0.8325548280605919,0.23320323561662104,1567457512710
1846,1846,462,Gyroscope,-0.1464055156007292,0.9708081235010244,0.24024909202265454,1567457512712
1848,1848,462,Gyroscope,-0.09782431710818856,1.0880190524325244,0.2458016274433053,1567457512714
1849,1849,462,Gyroscope,-0.04735873642440687,1.1901718526336995,0.24977618579299207,1567457512716
1851,1851,462,Gyroscope,0.015668818113438263,1.2964966353337357,0.24890817537202484,1567457512717
1853,1853,462,Gyroscope,0.0906665218536834,1.410577036331341,0.24104093610078894,1567457512719
1855,1855,462,Gyroscope,0.1666482243788049,1.5150442039376513,0.22736997088249786,1567457512722
1857,1857,462,Gyroscope,0.24178026167534022,1.598777316890971,0.20849358058877981,1567457512724
1859,1859,462,Gyroscope,0.32221889928851827,1.6678476549939552,0.1833500510289846,1567457512726
1861,1861,462,Gyroscope,0.40347207586222666,1.7271330792807484,0.15332057264708152,1567457512728
1863,1863,462,Gyroscope,0.47398550217619523,1.7700374839271689,0.12270989590058769,1567457512729
1865,1865,462,Gyroscope,0.5333006064027788,1.7867483184340642,0.09554875569252994,1567457512732
1867,1867,462,Gyroscope,0.589215492038317,1.7729886053974413,0.07481191851407909,1567457512734
1869,1869,462,Gyroscope,0.6422276353696676,1.7329759534546487,0.06205921173857451,1567457512736
1871,1871,462,Gyroscope,0.6849536065936387,1.6705323302732498,0.056094696980390706,1567457512738
1873,1873,462,Gyroscope,0.712307929616997,1.576458406187204,0.05465898888727139,1567457512739
1875,1875,462,Gyroscope,0.7245315763843468,1.4425236155150298,0.05703898467062324,1567457512741
1877,1877,462,Gyroscope,0.7234558300769678,1.286656801694016,0.06279380107093223,1567457512744
1879,1879,462,Gyroscope,0.7097164953527639,1.1374635675641085,0.07027759792310789,1567457512746
1881,1881,462,Gyroscope,0.6816599492494956,0.9954324496518572,0.0791820042866733,1567457512748
1883,1883,462,Gyroscope,0.638335252909281,0.8385546850613332,0.09199891197765747,1567457512750
1885,1885,462,Gyroscope,0.5841833860346859,0.664726917209276,0.11003632292089795,1567457512751
1888,1888,462,Gyroscope,0.5230583948813641,0.4947365191676176,0.13023945291503236,1567457512754
1890,1890,462,Gyroscope,0.4502901250925506,0.33399888302959096,0.14818876065268713,1567457512756
1892,1892,462,Gyroscope,0.36332168614418076,0.1731401680133907,0.16208453391267905,1567457512758
1894,1894,462,Gyroscope,0.27131916634335485,0.0242105110361565,0.1734680723090718,1567457512760
1896,1896,462,Gyroscope,0.18109273488919758,-0.08759186354321209,0.1863074968692792,1567457512762
1897,1897,462,Gyroscope,0.09002131209204883,-0.1598991287229821,0.2038531990004927,1567457512763
1899,1899,462,Gyroscope,0.0022512614599775136,-0.20766197527680952,0.22473958462425733,1567457512765
1901,1901,462,Gyroscope,-0.07022869551082293,-0.2394340766480797,0.24365514087027812,1567457512768
1904,1904,462,Gyroscope,-0.12864274718639251,-0.2594468683676821,0.2553163381762963,1567457512770
1905,1905,462,Gyroscope,-0.1877221726567422,-0.2749174937674533,0.2576203350743894,1567457512772
1907,1907,462,Gyroscope,-0.2510973161411391,-0.29154619207792415,0.2525233438242029,1567457512773
1909,1909,462,Gyroscope,-0.30739658627869265,-0.31002102171723855,0.2409470916202472,1567457512775
1912,1912,462,Gyroscope,-0.35476570717124656,-0.3243259490743642,0.2163904234902634,1567457512778
1913,1913,462,Gyroscope,-0.40592927871695517,-0.3229169060063703,0.1720343713870449,1567457512780
1915,1915,462,Gyroscope,-0.46339422829758,-0.3024263325249678,0.11534223846721053,1567457512782
1917,1917,462,Gyroscope,-0.5144360118127338,-0.2780316131277233,0.06494298234524093,1567457512784
1919,1919,462,Gyroscope,-0.5560657228918531,-0.2692200392895173,0.030821670969109972,1567457512786
1922,1922,462,Gyroscope,-0.6015240243781509,-0.27946445118204966,0.006673830232170501,1567457512787
1924,1924,462,Gyroscope,-0.6576616471325356,-0.298045613913303,-0.016142087762889248,1567457512790
1925,1925,462,Gyroscope,-0.7156299411058451,-0.317327076115895,-0.03623184198044092,1567457512792
1927,1927,462,Gyroscope,-0.7666002980784217,-0.340258535078623,-0.0484496950962277,1567457512794
1929,1929,462,Gyroscope,-0.8103736860951863,-0.3706016945593188,-0.05384254872978729,1567457512796
1931,1931,462,Gyroscope,-0.8481500917668352,-0.404251980558581,-0.05579104729831805,1567457512798
1934,1934,462,Gyroscope,-0.8795961391585009,-0.43540042087249553,-0.05327029486292382,1567457512799
1936,1936,462,Gyroscope,-0.905313224407327,-0.46278414136998813,-0.045038693401022414,1567457512802
1938,1938,462,Gyroscope,-0.9255631322763522,-0.48482643920484486,-0.0348337374392885,1567457512804
1940,1940,462,Gyroscope,-0.9402278185423137,-0.4981364832448586,-0.027391530319316973,1567457512806
1942,1942,462,Gyroscope,-0.950365608200731,-0.5041664939350545,-0.023594369617601342,1567457512808
1944,1944,462,Gyroscope,-0.9558940582970773,-0.5092209365302129,-0.022021269980069355,1567457512809
1946,1946,462,Gyroscope,-0.9546848821241223,-0.517629646934638,-0.0214839927613574,1567457512811
1948,1948,462,Gyroscope,-0.9456327581917523,-0.5312617574931525,-0.02064461995677576,1567457512814
1950,1950,462,Gyroscope,-0.9291886088972032,-0.5530315572436331,-0.018429170463928238,1567457512816
1952,1952,462,Gyroscope,-0.906238223641243,-0.5843103497377958,-0.015827569746276162,1567457512818
1954,1954,462,Gyroscope,-0.8793396708713203,-0.62151765825717,-0.014883495018758684,1567457512820
1956,1956,462,Gyroscope,-0.8518166572000692,-0.6603160719451101,-0.016106700222493758,1567457512821
1958,1958,462,Gyroscope,-0.8235494244764157,-0.7005145961539345,-0.01884288839798934,1567457512823
1960,1960,462,Gyroscope,-0.7916999802867202,-0.7433592964407852,-0.02270297900364522,1567457512826
1962,1962,462,Gyroscope,-0.756620908932481,-0.7865520604782776,-0.027374669289118046,1567457512828
1964,1964,462,Gyroscope,-0.7212611328495389,-0.826035882999233,-0.03301014721649287,1567457512830
1966,1966,462,Gyroscope,-0.6840768603613863,-0.8617669037756864,-0.040151415807584176,1567457512832
1968,1968,462,Gyroscope,-0.6408804794253921,-0.8959406932987377,-0.047353725297845026,1567457512833
1969,1969,462,Gyroscope,-0.5944582250738695,-0.9253957553758281,-0.05162318365607421,1567457512835
1971,1971,462,Gyroscope,-0.552486076035183,-0.9443888800160953,-0.052222191740022614,1567457512838
1973,1973,462,Gyroscope,-0.515650979210931,-0.9568529258222135,-0.0500773332768918,1567457512840
1976,1976,462,Gyroscope,-0.47778086280216236,-0.9764841931206112,-0.04429377012950488,1567457512842
1978,1978,462,Gyroscope,-0.4372346339703108,-1.0116076303243928,-0.03320879271670488,1567457512844
1980,1980,462,Gyroscope,-0.39878766444252156,-1.0586667973476955,-0.01622285763890745,1567457512845
1982,1982,462,Gyroscope,-0.36531858037948156,-1.1112874479157644,0.007041072569799659,1567457512848
1984,1984,462,Gyroscope,-0.33578011726851575,-1.1649043936061605,0.03523836418081913,1567457512850
1986,1986,462,Gyroscope,-0.308919825289963,-1.2142905310809524,0.06485772094442697,1567457512852
1988,1988,462,Gyroscope,-0.28291476741690014,-1.2577527829768314,0.09510759412967709,1567457512854
1990,1990,462,Gyroscope,-0.2559495219425804,-1.2994619584489617,0.1278463205282732,1567457512856
1992,1992,462,Gyroscope,-0.23026559347717512,-1.3407341986877397,0.16088576795240644,1567457512857
1994,1994,462,Gyroscope,-0.20944195779754204,-1.3770942082293778,0.1891440081528908,1567457512860
1996,1996,462,Gyroscope,-0.19178085039276993,-1.4073695072513988,0.21271556580322118,1567457512862
1998,1998,462,Gyroscope,-0.17304530297131732,-1.4364693194637326,0.236071858303959,1567457512864
1999,1999,462,Gyroscope,-0.1536128963543155,-1.4667208120126758,0.25945419150206606,1567457512866
2001,2001,462,Gyroscope,-0.13668128153825282,-1.4941487715096566,0.2782589769313326,1567457512868
2003,2003,462,Gyroscope,-0.12216890634817262,-1.5153528637367473,0.2913900724523902,1567457512870
2005,2005,462,Gyroscope,-0.10809476143142668,-1.531102920176945,0.3028360484708838,1567457512872
2008,2008,462,Gyroscope,-0.09537656816688703,-1.5414410200472624,0.31403187039839087,1567457512874
2010,2010,462,Gyroscope,-0.08621921356166001,-1.543822011940105,0.32227959836915854,1567457512876
2012,2012,462,Gyroscope,-0.08009301655237552,-1.5374882285821505,0.32704761930735704,1567457512878
2014,2014,462,Gyroscope,-0.0749755702192233,-1.5254361696514191,0.3306651247442608,1567457512880
2015,2015,462,Gyroscope,-0.07002130299895001,-1.511170249058821,0.3333117015118814,1567457512882
2017,2017,462,Gyroscope,-0.06522224606407087,-1.4939548287095294,0.3329268170992924,1567457512884
2020,2020,462,Gyroscope,-0.06143554746403939,-1.468655973178521,0.3290358300036055,1567457512886
2022,2022,462,Gyroscope,-0.060600162728995266,-1.4328369849097602,0.32297933054731387,1567457512888
2024,2024,462,Gyroscope,-0.0628765906901851,-1.389350040387116,0.31549887468345383,1567457512889
2026,2026,462,Gyroscope,-0.065521170613733,-1.3379289746755663,0.30619506233576976,1567457512892
2028,2028,462,Gyroscope,-0.06696176272242751,-1.273952828476335,0.29479907778650677,1567457512894
2030,2030,462,Gyroscope,-0.06849834938624763,-1.1998575664795232,0.2824379458436289,1567457512896
2032,2032,462,Gyroscope,-0.07083061555941997,-1.1240748290313467,0.2708417919975917,1567457512897
2033,2033,462,Gyroscope,-0.07324509177383572,-1.0441466121673788,0.2588257425158941,1567457512900
2035,2035,462,Gyroscope,-0.07586632654545765,-0.9472140424639564,0.242306608010795,1567457512902
2037,2037,462,Gyroscope,-0.07851317543213548,-0.8326334836150371,0.22116559014562048,1567457512903
2040,2040,462,Gyroscope,-0.07922707343859231,-0.714197606367889,0.20092547563891083,1567457512906
2042,2042,462,Gyroscope,-0.07730407741945783,-0.5950631914363889,0.18357142525445214,1567457512908
2044,2044,462,Gyroscope,-0.07511879525338416,-0.46705177734017683,0.16447611017775482,1567457512909
2046,2046,462,Gyroscope,-0.07479873188973307,-0.3374639500648215,0.14188178688389702,1567457512912
2048,2048,462,Gyroscope,-0.07519633432708907,-0.22441875293007724,0.11982153216423619,1567457512914
2050,2050,462,Gyroscope,-0.07295483610597907,-0.12477141178175924,0.09921878986206546,1567457512916
2052,2052,462,Gyroscope,-0.06590352517697184,-0.01848843205264736,0.07608506432396685,1567457512917
2054,2054,462,Gyroscope,-0.0552757462409255,0.09527802448973523,0.049711936619900046,1567457512920
2056,2056,462,Gyroscope,-0.04366684493044772,0.1963928979152762,0.02270692697249721,1567457512922
2058,2058,462,Gyroscope,-0.03147331533413059,0.27837640844939787,-0.006750425491344938,1567457512924
2060,2060,462,Gyroscope,-0.01770975828562512,0.35448613996906986,-0.04214790583395142,1567457512925
2062,2062,462,Gyroscope,-0.0028449036618859278,0.4274629937849801,-0.0796833674031037,1567457512928
2064,2064,462,Gyroscope,0.012184912164006297,0.4840807390566433,-0.11273576670545757,1567457512930
2066,2066,462,Gyroscope,0.02802855248822112,0.5229460980604035,-0.1429255828656713,1567457512932
2068,2068,462,Gyroscope,0.04530415990108805,0.5608616889798367,-0.17651307863254234,1567457512933
2070,2070,462,Gyroscope,0.06264686600796812,0.6086684050284314,-0.21212546699803755,1567457512936
2072,2072,462,Gyroscope,0.07892326908471226,0.6615202504415612,-0.2418852850783663,1567457512938
2074,2074,462,Gyroscope,0.0956238281268314,0.7136603130645554,-0.2633273745357123,1567457512939
2076,2076,462,Gyroscope,0.11428782394161689,0.7648364109503354,-0.28098089624387224,1567457512942
2078,2078,462,Gyroscope,0.134124430014996,0.8125082307139713,-0.29709593000989337,1567457512944
2080,2080,462,Gyroscope,0.1545931793894125,0.8519188774383253,-0.3091730335510359,1567457512946
2081,2081,462,Gyroscope,0.17633223786180824,0.8817708794863404,-0.3160200208531646,1567457512948
2083,2083,462,Gyroscope,0.19837213864660572,0.9023287343877593,-0.31996730498559833,1567457512950
2085,2085,462,Gyroscope,0.21910912966304089,0.9139483404212919,-0.3231346611481193,1567457512952
2088,2088,462,Gyroscope,0.23961560936229626,0.9208169275388682,-0.3244910465765824,1567457512953
2089,2089,462,Gyroscope,0.26189162707823793,0.9297272792510219,-0.3211468897622377,1567457512956
2092,2092,462,Gyroscope,0.2851864718905901,0.9447168600197232,-0.312052652927001,1567457512958
2093,2093,462,Gyroscope,0.30749767994317967,0.9672444676972938,-0.29868434038763214,1567457512960
2096,2096,462,Gyroscope,0.3293872041841129,0.9983383810017802,-0.28192240729290435,1567457512962
2098,2098,462,Gyroscope,0.35246602152585743,1.0352242689123274,-0.2621719263242947,1567457512964
2100,2100,462,Gyroscope,0.375066876385722,1.0698133857787984,-0.24264766525040785,1567457512966
2102,2102,462,Gyroscope,0.39422229600125536,1.0959815217865316,-0.22742907899003093,1567457512968
2104,2104,462,Gyroscope,0.41099860637120694,1.114603292304533,-0.21679161437801006,1567457512970
2106,2106,462,Gyroscope,0.4287482885666337,1.1284701156581756,-0.2086396727963381,1567457512972
2107,2107,462,Gyroscope,0.4475979003252303,1.1372778756933652,-0.2025145294353562,1567457512974
2109,2109,462,Gyroscope,0.4656390326037353,1.1392217698726066,-0.19963616364085068,1567457512976
2111,2111,462,Gyroscope,0.4832168441417757,1.1338321164473961,-0.20217941093906783,1567457512978
2113,2113,462,Gyroscope,0.5010905650001263,1.1226670502978189,-0.21286681069488772,1567457512979
2115,2115,462,Gyroscope,0.5174742079088979,1.1069349399464485,-0.23101377196751915,1567457512982
2117,2117,462,Gyroscope,0.5315263700025815,1.0841459136034641,-0.2509227067215175,1567457512984
2120,2120,462,Gyroscope,0.5455730874173201,1.051488209150937,-0.26961380354868225,1567457512986
2122,2122,462,Gyroscope,0.5599768425687017,1.0124400764566968,-0.2920175187014467,1567457512988
2124,2124,462,Gyroscope,0.5711030659266985,0.9724412335022707,-0.3223956162451757,1567457512990
2126,2126,462,Gyroscope,0.5775219503715351,0.9283720871383874,-0.3570758356728711,1567457512992
2128,2128,462,Gyroscope,0.5825206935595696,0.872121054613002,-0.39166635810055417,1567457512994
2130,2130,462,Gyroscope,0.5878411015729067,0.8055001561900752,-0.4276391160172178,1567457512996
2132,2132,462,Gyroscope,0.5902126065449842,0.7403272329623105,-0.4674498128467772,1567457512998
2133,2133,462,Gyroscope,0.5864510882589935,0.682132281219272,-0.5099023944406,1567457513000
2135,2135,462,Gyroscope,0.5777986059738007,0.6276063168622632,-0.5513953002574572,1567457513002
2137,2137,462,Gyroscope,0.5671949252533603,0.5786871083024646,-0.5878172463258897,1567457513003
2140,2140,462,Gyroscope,0.5550271823929005,0.5432231093138469,-0.6169524916641329,1567457513006
2142,2142,462,Gyroscope,0.5392377431964883,0.5224608155921848,-0.6402722835893351,1567457513008
2143,2143,462,Gyroscope,0.5188846898648157,0.5109209958808147,-0.6603767357113005,1567457513010
2146,2146,462,Gyroscope,0.49613086436729775,0.5054764591262387,-0.6778462405811728,1567457513012
2148,2148,462,Gyroscope,0.4723395437053204,0.5065082666890517,-0.6924620850223975,1567457513014
2150,2150,462,Gyroscope,0.44391186605065486,0.5141060624571268,-0.7051787519730968,1567457513016
2151,2151,462,Gyroscope,0.4081967393868837,0.5264981871979426,-0.7165352837479089,1567457513018
2154,2154,462,Gyroscope,0.3710607260134943,0.5396895295321654,-0.7252378223895574,1567457513020
2156,2156,462,Gyroscope,0.33941742101565187,0.5496314467297603,-0.729543389827152,1567457513022
2158,2158,462,Gyroscope,0.3094209655204918,0.557047049610607,-0.7271693904275686,1567457513024
2160,2160,462,Gyroscope,0.2721688637561502,0.5675164647427593,-0.714899252734382,1567457513025
2161,2161,462,Gyroscope,0.2273033258268052,0.5839192011006045,-0.6912253268657793,1567457513028
2164,2164,462,Gyroscope,0.1806732655506478,0.6009381362100104,-0.6553265166755032,1567457513030
2166,2166,462,Gyroscope,0.13353437927314438,0.6098238189337347,-0.6046078268267749,1567457513032
2168,2168,462,Gyroscope,0.08525196429111864,0.6055758806264462,-0.542168233258049,1567457513033
2170,2170,462,Gyroscope,0.03984356606489378,0.5857698067110315,-0.4797901917420293,1567457513036
2172,2172,462,Gyroscope,-0.0008261674225321135,0.547908951727011,-0.42276805187076105,1567457513038
2174,2174,462,Gyroscope,-0.0409703603854229,0.4954388468261125,-0.364974945529175,1567457513040
2175,2175,462,Gyroscope,-0.08108499780847789,0.4409387587616988,-0.3066790942942835,1567457513042
2178,2178,462,Gyroscope,-0.11615487091402622,0.3931461094734521,-0.2582072822257271,1567457513044
2180,2180,462,Gyroscope,-0.14616889112434078,0.343805554926641,-0.2211728349781722,1567457513046
2182,2182,462,Gyroscope,-0.1759300714292642,0.2780815049848294,-0.1856479730193585,1567457513048
2183,2183,462,Gyroscope,-0.20462646183370342,0.1966634059044844,-0.1475951134769587,1567457513050
2186,2186,462,Gyroscope,-0.22680897339733463,0.11415445666171056,-0.11102293959867471,1567457513052
2187,2187,462,Gyroscope,-0.24209948159291778,0.036040483591671786,-0.0741324439443569,1567457513054
2189,2189,462,Gyroscope,-0.25412958256342494,-0.04400992141273964,-0.031364696754649674,1567457513056
2192,2192,462,Gyroscope,-0.2623818901221604,-0.12419481983185007,0.013270819967203796,1567457513058
2194,2194,462,Gyroscope,-0.2635584438669867,-0.19466524564313306,0.05127711845320429,1567457513060
2196,2196,462,Gyroscope,-0.2578849464418109,-0.2579880896601251,0.0841112161935941,1567457513062
2197,2197,462,Gyroscope,-0.24781414869029617,-0.32783436777197433,0.11919113227525027,1567457513064
2200,2200,462,Gyroscope,-0.23407916267334794,-0.4059107928269447,0.15577344100104892,1567457513066
2202,2202,462,Gyroscope,-0.21671190496071188,-0.4785034651761656,0.185679710623962,1567457513068
2204,2204,462,Gyroscope,-0.19691573031410053,-0.5371063772526704,0.2056339071454168,1567457513070
2205,2205,462,Gyroscope,-0.17640159715817008,-0.5853638047427474,0.21953939578835832,1567457513072
2207,2207,462,Gyroscope,-0.15635740027444392,-0.6250920570465551,0.2291183680569841,1567457513074
2209,2209,462,Gyroscope,-0.13709088617121823,-0.6515940805650062,0.2312206020345693,1567457513076
2211,2211,462,Gyroscope,-0.11817446099381318,-0.6626646927450328,0.22544666196190652,1567457513078
2213,2213,462,Gyroscope,-0.09898129031587038,-0.6609102647479117,0.21730695351648183,1567457513080
2215,2215,462,Gyroscope,-0.07904789089555998,-0.6490117716436657,0.2120116572372972,1567457513082
2217,2217,462,Gyroscope,-0.05783392348881137,-0.6282124907498062,0.20899324683213893,1567457513084
2219,2219,462,Gyroscope,-0.03469971091712082,-0.5996290677235958,0.20432275497350816,1567457513086
2221,2221,462,Gyroscope,-0.010147461431122953,-0.5663266510062459,0.1969398247189938,1567457513088
2223,2223,462,Gyroscope,0.01446577811864903,-0.5341330425834862,0.189427555359808,1567457513090
2225,2225,462,Gyroscope,0.039894637547530025,-0.508295366308417,0.18233904592879494,1567457513092
2228,2228,462,Gyroscope,0.06785915205010863,-0.4903220759494189,0.17222407295191025,1567457513094
2230,2230,462,Gyroscope,0.09592938459041106,-0.47918876103783914,0.1568459524342837,1567457513096
2232,2232,462,Gyroscope,0.1197924773237438,-0.4738522345108779,0.13797449507208615,1567457513098
2234,2234,462,Gyroscope,0.14121492756888174,-0.4752092714924288,0.11766447423068577,1567457513100
2235,2235,462,Gyroscope,0.166359680886062,-0.48590004335388925,0.09589419996639034,1567457513102
2237,2237,462,Gyroscope,0.19556762326269173,-0.5062723247636762,0.07308724398907754,1567457513104
2239,2239,462,Gyroscope,0.22300637656500633,-0.5333647995663087,0.05095107128117232,1567457513106
2241,2241,462,Gyroscope,0.24741403278389545,-0.5659369883337844,0.029442705452619018,1567457513108
2244,2244,462,Gyroscope,0.27356985386512117,-0.6048102300863493,0.006994735070215201,1567457513110
2246,2246,462,Gyroscope,0.3021590687980235,-0.6474664793189286,-0.015112412184777163,1567457513112
2247,2247,462,Gyroscope,0.329015952201911,-0.6900464095974104,-0.03353956602309444,1567457513114
2249,2249,462,Gyroscope,0.3544517704878094,-0.7346590077449551,-0.049728149848550104,1567457513116
2251,2251,462,Gyroscope,0.3823494325953586,-0.786487580750906,-0.07008549904457381,1567457513118
2253,2253,462,Gyroscope,0.41168347615027806,-0.8433664460054722,-0.09564809497351806,1567457513120
2256,2256,462,Gyroscope,0.43951189201820634,-0.8959155009059102,-0.11769200075133422,1567457513122
2258,2258,462,Gyroscope,0.46846988574107373,-0.9382245088846248,-0.12873761576549175,1567457513124
2260,2260,462,Gyroscope,0.5012098120576842,-0.9701838654125499,-0.13089855325786817,1567457513126
2262,2262,462,Gyroscope,0.5341579838643152,-0.989230570649981,-0.12839917114053642,1567457513128
2264,2264,462,Gyroscope,0.5656110234248348,-0.9892018750792434,-0.12057204929898557,1567457513130
2266,2266,462,Gyroscope,0.5999321590822756,-0.969075176864063,-0.10645502191552392,1567457513132
2268,2268,462,Gyroscope,0.6370895743608249,-0.9357344934273112,-0.08794354670200388,1567457513134
2270,2270,462,Gyroscope,0.6704981400330429,-0.8954618173245544,-0.06625754902293,1567457513136
2272,2272,462,Gyroscope,0.699365042966519,-0.8466090876991408,-0.04098697560494536,1567457513138
2274,2274,462,Gyroscope,0.7301964415625559,-0.7849930791356234,-0.0126103838809272,1567457513140
2276,2276,462,Gyroscope,0.7639255588848355,-0.7149547365735356,0.016394145727714884,1567457513142
2278,2278,462,Gyroscope,0.794163361068398,-0.6460859684554426,0.04370963822051427,1567457513144
2280,2280,462,Gyroscope,0.8194597975595748,-0.5784962094619204,0.07119953301040408,1567457513146
2282,2282,462,Gyroscope,0.8451916594171279,-0.5055757988639276,0.1025564397591978,1567457513148
2284,2284,462,Gyroscope,0.8721042916988044,-0.43194722677272346,0.1350441722516684,1567457513150
2286,2286,462,Gyroscope,0.8944168588205752,-0.3704496712973364,0.16153970528125927,1567457513152
2288,2288,462,Gyroscope,0.9114101960920624,-0.32080597424191637,0.18201507790445864,1567457513154
2290,2290,462,Gyroscope,0.9303176351066692,-0.26978148622556086,0.20318523504593963,1567457513156
2292,2292,462,Gyroscope,0.9531501820583871,-0.21378564135382722,0.22634496263819387,1567457513158
2294,2294,462,Gyroscope,0.9717759498186115,-0.16342920498143554,0.2457725362942667,1567457513160
2296,2296,462,Gyroscope,0.9860362702613572,-0.12177650146676292,0.2604718400305393,1567457513162
2298,2298,462,Gyroscope,1.0117092659085984,-0.07768869069740546,0.277091255846991,1567457513164
2300,2300,462,Gyroscope,1.0468833734338392,-0.031689530116348646,0.29635733365746003,1567457513166
2302,2302,462,Gyroscope,1.043813892768374,-0.011271790916850113,0.3050937886072916,1567457513168
2304,2304,462,Gyroscope,0.951859929306679,-0.043380720661796705,0.29027490032001535,1567457513170
2306,2306,462,Gyroscope,0.7860550783015221,-0.11932575505708064,0.2574070535818811,1567457513172
2307,2307,462,Gyroscope,0.619418898099901,-0.20095743127792154,0.22724120118271351,1567457513174
2310,2310,462,Gyroscope,0.5102558706935454,-0.2579327402681536,0.21642530746012076,1567457513176
2312,2312,462,Gyroscope,0.46328719600858986,-0.28697997758492944,0.22736422222559838,1567457513178
2314,2314,462,Gyroscope,0.4517710073718753,-0.29846409744732083,0.2524968573004882,1567457513180
2316,2316,462,Gyroscope,0.4481009502068271,-0.30237636411756935,0.28074857772840883,1567457513182
2318,2318,462,Gyroscope,0.432989594223463,-0.3127786306538013,0.3021326937205334,1567457513184
2320,2320,462,Gyroscope,0.3964217181243276,-0.3499498849046426,0.3113543033274212,1567457513186
2322,2322,462,Gyroscope,0.340031497394333,-0.4267084700476977,0.3079263514909788,1567457513188
2324,2324,462,Gyroscope,0.2735223072687146,-0.5376794188316198,0.29469988428647625,1567457513190
2326,2326,462,Gyroscope,0.20446123968472113,-0.6647680614639196,0.2775644201923301,1567457513192
2328,2328,462,Gyroscope,0.13489410709507227,-0.7863975295353618,0.262846774619911,1567457513194
2330,2330,462,Gyroscope,0.06729035543039119,-0.8761335456885964,0.25365537370370717,1567457513196
2332,2332,462,Gyroscope,0.002485341814929232,-0.8965777903752412,0.2519562092758155,1567457513198
2334,2334,462,Gyroscope,-0.0698054641213306,-0.8121803384125643,0.26165560903100893,1567457513200
2336,2336,462,Gyroscope,-0.1619734849314385,-0.6239380839675935,0.28394987009271694,1567457513202
2338,2338,462,Gyroscope,-0.26838682243257334,-0.3821051328066817,0.31314187168300317,1567457513204
2340,2340,462,Gyroscope,-0.3722989869934986,-0.14890802999898942,0.34299726402579267,1567457513206
2342,2342,462,Gyroscope,-0.47119762448700697,0.04343466596289243,0.37379812352235947,1567457513208
2344,2344,462,Gyroscope,-0.5757537716624654,0.19078992241508433,0.4084633297616006,1567457513210
2346,2346,462,Gyroscope,-0.6852572821446407,0.2913264029376956,0.4453681258902459,1567457513212
2348,2348,462,Gyroscope,-0.7850127463714038,0.3385271804710677,0.48000737073884336,1567457513214
2350,2350,462,Gyroscope,-0.8694787150317496,0.3363493271449057,0.5108260585833643,1567457513216
2352,2352,462,Gyroscope,-0.9467578335592167,0.3061660419147446,0.5374483292592334,1567457513218
2353,2353,462,Gyroscope,-1.019246541850435,0.26863024569664007,0.5558505354423788,1567457513220
2355,2355,462,Gyroscope,-1.0805479463815089,0.2266091923220293,0.5620290654432534,1567457513222
2358,2358,462,Gyroscope,-1.1288204349918614,0.17604060350912545,0.5582321713773902,1567457513224
2360,2360,462,Gyroscope,-1.1665040776876325,0.12281172791909166,0.5504757132070959,1567457513226
2361,2361,462,Gyroscope,-1.192144314159498,0.07604861035492579,0.5418139242949306,1567457513228
2364,2364,462,Gyroscope,-1.202073227260764,0.0341302845156482,0.5305206609388967,1567457513230
2365,2365,462,Gyroscope,-1.1963402578500515,-0.009770246376902776,0.5140814258139053,1567457513232
2367,2367,462,Gyroscope,-1.179897384122632,-0.05289096047660224,0.49396870013605504,1567457513235
2369,2369,462,Gyroscope,-1.157354628793984,-0.08312863682511912,0.4737415438202015,1567457513236
2371,2371,462,Gyroscope,-1.1269390734620277,-0.09354225440974756,0.45226180867638294,1567457513238
2373,2373,462,Gyroscope,-1.0851995629796722,-0.09045617128684973,0.4251596175462874,1567457513240
2375,2375,462,Gyroscope,-1.0367617028138696,-0.08531755289528645,0.39348647628936184,1567457513242
2377,2377,462,Gyroscope,-0.9893591276740167,-0.08227994323142739,0.3625748099177881,1567457513244
2380,2380,462,Gyroscope,-0.9398045735377183,-0.07668875588035667,0.33215827388174335,1567457513246
2382,2382,462,Gyroscope,-0.8775423333848589,-0.06441674801640704,0.2963197065381313,1567457513248
2384,2384,462,Gyroscope,-0.8030700944852285,-0.04762024377864361,0.2535138099896339,1567457513250
2386,2386,462,Gyroscope,-0.727313146110014,-0.026849190658499705,0.20810243890559715,1567457513252
2387,2387,462,Gyroscope,-0.6508256564020548,0.006167117035146198,0.16161814246862477,1567457513254
2389,2389,462,Gyroscope,-0.5644947585401009,0.05707020675851253,0.11182744371025842,1567457513256
2391,2391,462,Gyroscope,-0.4730155799099651,0.116769392598059,0.06074668916617389,1567457513258
2394,2394,462,Gyroscope,-0.3925942076021125,0.17444158989999703,0.014189101428656809,1567457513260
2396,2396,462,Gyroscope,-0.32340449305120395,0.23520585254697018,-0.026499179773835396,1567457513262
2398,2398,462,Gyroscope,-0.24926642473733374,0.30962906213330443,-0.06485822875387096,1567457513264
2400,2400,462,Gyroscope,-0.16704873780088428,0.3920459006454885,-0.10303126879391518,1567457513266
2402,2402,462,Gyroscope,-0.09412997580326718,0.4659099855610153,-0.14113037582406407,1567457513269
2404,2404,462,Gyroscope,-0.04276265200629892,0.5269082636088201,-0.18037142278906013,1567457513270
2406,2406,462,Gyroscope,-0.006330816209836666,0.5845846519512697,-0.22047762387077713,1567457513272
2407,2407,462,Gyroscope,0.024567068464753736,0.6458676020972257,-0.2570044856714182,1567457513274
2409,2409,462,Gyroscope,0.0490252292802229,0.711481067366758,-0.2869872550471565,1567457513276
2411,2411,462,Gyroscope,0.0626494496869829,0.7799953268840135,-0.3122051241042093,1567457513278
2413,2413,462,Gyroscope,0.06570021523917294,0.8443792476445977,-0.33310921522260856,1567457513281
2415,2415,462,Gyroscope,0.06155343599094926,0.8940968777687752,-0.3466894690938228,1567457513282
2417,2417,462,Gyroscope,0.05205065735729571,0.9252614655471301,-0.35210785112880916,1567457513284
2419,2419,462,Gyroscope,0.03651509174682716,0.941801880432146,-0.3520467634125123,1567457513286
2421,2421,462,Gyroscope,0.015497721242263446,0.9481368360431894,-0.34872937868823717,1567457513288
2423,2423,462,Gyroscope,-0.008144932683167348,0.9449445064776947,-0.3426302274856264,1567457513291
2425,2425,462,Gyroscope,-0.03487263788062854,0.9298540174873569,-0.33398532949220566,1567457513292
2428,2428,462,Gyroscope,-0.06861671077456442,0.9017277305153881,-0.3237185760514708,1567457513294
2430,2430,462,Gyroscope,-0.10748625093934316,0.8649331507206799,-0.31316656081138017,1567457513296
2432,2432,462,Gyroscope,-0.14331927628753405,0.8260355892216664,-0.3022330149358168,1567457513298
2434,2434,462,Gyroscope,-0.17443620864556986,0.7859302224483737,-0.2880187773317069,1567457513300
2435,2435,462,Gyroscope,-0.20873910356296257,0.7412953400315256,-0.26808023018155824,1567457513302
2437,2437,462,Gyroscope,-0.24987976226798497,0.6949214528490175,-0.24478205166278674,1567457513304
2440,2440,462,Gyroscope,-0.2911666733226198,0.6566408047624845,-0.22210780753272152,1567457513306
2441,2441,462,Gyroscope,-0.3276950514241923,0.6318489374160244,-0.19931823395289017,1567457513308
2443,2443,462,Gyroscope,-0.3627365595959551,0.6171990896609145,-0.17332150748284203,1567457513310
2445,2445,462,Gyroscope,-0.3983655548241336,0.6086339837770895,-0.14456345054469352,1567457513312
2447,2447,462,Gyroscope,-0.4308814446885041,0.6054425871837036,-0.11519485321899776,1567457513314
2449,2449,462,Gyroscope,-0.4567894052230186,0.6063574245664354,-0.08598502961143584,1567457513316
2451,2451,462,Gyroscope,-0.4754435944076255,0.6086099072311837,-0.05830616243171627,1567457513319
2453,2453,462,Gyroscope,-0.48731231920476903,0.6114339407256101,-0.03356005380835613,1567457513320
2455,2455,462,Gyroscope,-0.49366943227873517,0.6168369892814367,-0.010508319166372718,1567457513322
2457,2457,462,Gyroscope,-0.4962790312073372,0.6257888028318654,0.011764627312798731,1567457513324
2459,2459,462,Gyroscope,-0.4965518326768232,0.6357826555018781,0.031035683476690168,1567457513326
2461,2461,462,Gyroscope,-0.4949084773696963,0.6453862814041125,0.045787664184494904,1567457513329
2463,2463,462,Gyroscope,-0.49008885034832306,0.6588761705380461,0.05770735217478877,1567457513330
2465,2465,462,Gyroscope,-0.4807058285819247,0.6803952595824093,0.06831437056385496,1567457513332
2467,2467,462,Gyroscope,-0.4680857055015226,0.706467715108771,0.0771582055371024,1567457513334
2469,2469,462,Gyroscope,-0.45476197518811684,0.7310409646430178,0.0838563807290001,1567457513336
2471,2471,462,Gyroscope,-0.43997037733668,0.7537727812570507,0.08875859270530251,1567457513338
2474,2474,462,Gyroscope,-0.4203775770292745,0.7769814503725753,0.09203450199601546,1567457513340
2476,2476,462,Gyroscope,-0.3959096184263085,0.7985978254750368,0.09353428413296344,1567457513342
2477,2477,462,Gyroscope,-0.3703769502231173,0.8136083798162013,0.09247225162499159,1567457513344
2479,2479,462,Gyroscope,-0.34537156125837176,0.8201247502076257,0.08794029475832985,1567457513346
2481,2481,462,Gyroscope,-0.31925729961599525,0.8204809752268689,0.08143023408540828,1567457513348
2483,2483,462,Gyroscope,-0.2930859808791738,0.8174636064646836,0.07711194982993037,1567457513351
2485,2485,462,Gyroscope,-0.27073365711641334,0.811491513773372,0.07854322666857413,1567457513352
2487,2487,462,Gyroscope,-0.25210820989592797,0.8007796525254809,0.08666615125859058,1567457513354
2490,2490,462,Gyroscope,-0.23260730040367442,0.7834053265713692,0.09966326961380739,1567457513356
2492,2492,462,Gyroscope,-0.21081391932231242,0.7599474760826612,0.11305598673466852,1567457513358
2494,2494,462,Gyroscope,-0.19154356833579367,0.7339780126793076,0.12277050128719882,1567457513361
2496,2496,462,Gyroscope,-0.17938860127290782,0.709693151247125,0.12880095785416068,1567457513362
2498,2498,462,Gyroscope,-0.17373864480875328,0.6895761838815674,0.1325409865680955,1567457513364
2500,2500,462,Gyroscope,-0.17196636036950821,0.672133396564675,0.1320194345088478,1567457513366
2502,2502,462,Gyroscope,-0.17290217127342405,0.6508156342673478,0.12432074621674438,1567457513368
2504,2504,462,Gyroscope,-0.17568695038594584,0.6204121537279841,0.11101028924831977,1567457513371
2506,2506,462,Gyroscope,-0.1795052657334468,0.5852086131698455,0.09663439689882458,1567457513372
2508,2508,462,Gyroscope,-0.18501181906806755,0.5526463048311311,0.08273310229443143,1567457513374
2510,2510,462,Gyroscope,-0.1929945920178664,0.5189481978794944,0.06673561732170344,1567457513376
2512,2512,462,Gyroscope,-0.20292885147518996,0.47254920823110214,0.04661575158859146,1567457513378
2514,2514,462,Gyroscope,-0.21433734049002756,0.412591555048587,0.024212897980144005,1567457513380
2516,2516,462,Gyroscope,-0.22660413446489933,0.3492299055032816,0.002679889823671599,1567457513383
2518,2518,462,Gyroscope,-0.23737676528760626,0.28450980902165357,-0.018015067171565945,1567457513384
2520,2520,462,Gyroscope,-0.2442315483054724,0.21212672145613937,-0.04013266647669648,1567457513386
2522,2522,462,Gyroscope,-0.2468659524261732,0.13670321450582762,-0.06315181722532037,1567457513388
2524,2524,462,Gyroscope,-0.24614699898861492,0.0711788401061289,-0.08373338600327955,1567457513390
2526,2526,462,Gyroscope,-0.24286143175188357,0.014716807483227286,-0.10130777549852923,1567457513392
2528,2528,462,Gyroscope,-0.23752333075154686,-0.04598200953065683,-0.11979738705482446,1567457513395
2530,2530,462,Gyroscope,-0.22950392921458962,-0.11354638666238473,-0.1420127122632369,1567457513396
2532,2532,462,Gyroscope,-0.2166256343882022,-0.1772372643278143,-0.1655793067406971,1567457513398
2534,2534,462,Gyroscope,-0.19774670492164959,-0.23305465055761554,-0.18653233739989944,1567457513400
2536,2536,462,Gyroscope,-0.17553885045955053,-0.2878201009997059,-0.20331207559162945,1567457513402
2538,2538,462,Gyroscope,-0.15309211010333562,-0.3445476561985276,-0.21522796208858633,1567457513404
2540,2540,462,Gyroscope,-0.1284671637928117,-0.4005739723367212,-0.22105473054236174,1567457513406
2542,2542,462,Gyroscope,-0.09858708574197034,-0.45526900814511856,-0.22099572102770781,1567457513408
2544,2544,462,Gyroscope,-0.0670797036694966,-0.5070948087143125,-0.2175215596486709,1567457513410
2546,2546,462,Gyroscope,-0.040990613977279655,-0.5512664969610443,-0.2131868420763983,1567457513412
2548,2548,462,Gyroscope,-0.02078966069272107,-0.5876173664310158,-0.20785582605112962,1567457513414
2550,2550,462,Gyroscope,0.0001837265641154262,-0.6219820180412367,-0.1990775289215163,1567457513416
2552,2552,462,Gyroscope,0.02621652140384391,-0.6564556164180072,-0.18658596902800706,1567457513418
2554,2554,462,Gyroscope,0.05417767776334284,-0.6867354227946826,-0.17353363133564323,1567457513420
2556,2556,462,Gyroscope,0.07963168836403947,-0.7110314387133874,-0.1606836295360865,1567457513422
2558,2558,462,Gyroscope,0.10286559477266236,-0.7333958345623415,-0.14478522618426756,1567457513424
2560,2560,462,Gyroscope,0.12621540207099047,-0.7570511594091962,-0.12517950536133693,1567457513427
2562,2562,462,Gyroscope,0.15039209419017008,-0.7813098181534555,-0.10471374274401807,1567457513428
2564,2564,462,Gyroscope,0.17525008241145074,-0.8039165010024896,-0.08333558530703447,1567457513430
2566,2566,462,Gyroscope,0.2001353524949333,-0.8218227218474639,-0.0590633450178484,1567457513432
2568,2568,462,Gyroscope,0.22295737560916415,-0.832820643729399,-0.034101561799189994,1567457513434
2570,2570,462,Gyroscope,0.24205197108116705,-0.8381342008277205,-0.011595436858789658,1567457513436
2572,2572,462,Gyroscope,0.25955478275407134,-0.8405330672287206,0.011112019679957567,1567457513439
2574,2574,462,Gyroscope,0.28002965132563895,-0.8414167203797221,0.03769938998405061,1567457513440
2576,2576,462,Gyroscope,0.3039788574993949,-0.8419025671510239,0.06487352581959449,1567457513442
2578,2578,462,Gyroscope,0.32598522417285564,-0.8436060457470045,0.08736864850618287,1567457513444
2580,2580,462,Gyroscope,0.34215175346107546,-0.8462102893267005,0.10652486937188793,1567457513446
2582,2582,462,Gyroscope,0.35552593815614175,-0.8467618615129533,0.12601038401132514,1567457513448
2584,2584,462,Gyroscope,0.3703296138671934,-0.8427155447830041,0.14400161571338005,1567457513451
2586,2586,462,Gyroscope,0.3846824848635414,-0.8336471840570867,0.1568722513234938,1567457513452
2588,2588,462,Gyroscope,0.39360187084888776,-0.8198142904082563,0.1660707574182112,1567457513454
2590,2590,462,Gyroscope,0.3962438553567902,-0.8016717538481676,0.17524419936004657,1567457513456
2592,2592,462,Gyroscope,0.39610324910671546,-0.7805976408434783,0.18426534029151712,1567457513458
2594,2594,462,Gyroscope,0.3963228903982473,-0.7579315454322266,0.1907589521076839,1567457513461
2596,2596,462,Gyroscope,0.3977962774596806,-0.7344182773358979,0.19472304370018578,1567457513462
2598,2598,462,Gyroscope,0.40001142705911885,-0.7118657818656156,0.19824493138709146,1567457513464
2600,2600,462,Gyroscope,0.4013580943633722,-0.6930362268820887,0.20194710976213393,1567457513466
2602,2602,462,Gyroscope,0.3996386506627576,-0.6783468535596168,0.20401437193664546,1567457513468
2604,2604,462,Gyroscope,0.39406141952829615,-0.6648497077374552,0.20317136909820255,1567457513470
2606,2606,462,Gyroscope,0.3855681056844448,-0.650879384669183,0.20074547145875,1567457513473
2608,2608,462,Gyroscope,0.3732111157898798,-0.639752803332737,0.19806973510553524,1567457513474
2610,2610,462,Gyroscope,0.35290023024508904,-0.6349427108593995,0.19431140344188502,1567457513476
2612,2612,462,Gyroscope,0.3233005894944362,-0.6338054790315413,0.18933081382785305,1567457513478
2614,2614,462,Gyroscope,0.2892714750798988,-0.6310301116652206,0.18533434891924844,1567457513481
2616,2616,462,Gyroscope,0.2553999090443106,-0.6250390567027512,0.18344899108118923,1567457513482
2617,2617,462,Gyroscope,0.22059711463879605,-0.6160631566329817,0.18287193081048472,1567457513484
2620,2620,462,Gyroscope,0.1828796419159664,-0.6027415343078396,0.18457810413061163,1567457513486
2622,2622,462,Gyroscope,0.1448897828788584,-0.5855613172824825,0.19084500308833138,1567457513488
2623,2623,462,Gyroscope,0.1104933327792525,-0.5685745442379321,0.20054593593656656,1567457513491
2625,2625,462,Gyroscope,0.07933788866942731,-0.5537422202606087,0.20946641483773873,1567457513492
2628,2628,462,Gyroscope,0.048876780680447186,-0.5377603024693004,0.21532511210617847,1567457513494
2630,2630,462,Gyroscope,0.018576107236945423,-0.5155269972676986,0.21882683193286323,1567457513497
2632,2632,462,Gyroscope,-0.011287072464005241,-0.48296115660963923,0.219921291779409,1567457513499
2633,2633,462,Gyroscope,-0.04081878557723541,-0.43894624208312877,0.2166750335807925,1567457513500
2635,2635,462,Gyroscope,-0.06819804382004221,-0.38862882890427275,0.2091183468791425,1567457513502
2638,2638,462,Gyroscope,-0.09087892275631206,-0.339868500954558,0.20096907896031105,1567457513504
2640,2640,462,Gyroscope,-0.110093387742626,-0.2925575558996891,0.19471118936846826,1567457513506
2642,2642,462,Gyroscope,-0.12963015850397894,-0.23849544964753117,0.18791322777290015,1567457513509
2644,2644,462,Gyroscope,-0.14975665623959694,-0.17518305734744855,0.17782388235441743,1567457513510
2646,2646,462,Gyroscope,-0.1665352960182623,-0.10966213950970694,0.16576934655590267,1567457513512
2648,2648,462,Gyroscope,-0.17734069220457588,-0.04616334794678055,0.15385847811967848,1567457513514
2649,2649,462,Gyroscope,-0.18282470274685958,0.01606740725924725,0.14262733841412953,1567457513516
2651,2651,462,Gyroscope,-0.18355109831496386,0.07170035075891847,0.13390923535534932,1567457513518
2654,2654,462,Gyroscope,-0.1783346945294404,0.11284711949948414,0.1296080708784288,1567457513521
2656,2656,462,Gyroscope,-0.16500884564928053,0.14324091682599796,0.12706802123411617,1567457513523
2658,2658,462,Gyroscope,-0.14182363681735422,0.17372611331532123,0.1218883270779473,1567457513524
2660,2660,462,Gyroscope,-0.11051199038301002,0.20686806321644058,0.1139445622119863,1567457513526
2662,2662,462,Gyroscope,-0.0758509192445033,0.2393524498779412,0.10452453815145767,1567457513528
2664,2664,462,Gyroscope,-0.04030761198889534,0.27397991379288383,0.09048943163343347,1567457513530
2666,2666,462,Gyroscope,-0.004528831342770049,0.31644715403186713,0.0678234613013306,1567457513532
2668,2668,462,Gyroscope,0.02784233383357445,0.3664532885041411,0.037857255534483075,1567457513535
2670,2670,462,Gyroscope,0.053541565747799585,0.4211019297534572,0.004509032770283111,1567457513536
2672,2672,462,Gyroscope,0.07461075394637755,0.47788967744924205,-0.03126677489627313,1567457513538
2674,2674,462,Gyroscope,0.09415607539343426,0.5297121519961501,-0.06972987123411603,1567457513540
2676,2676,462,Gyroscope,0.11281465249665107,0.5679516194783507,-0.10649668599845413,1567457513542
2678,2678,462,Gyroscope,0.132353527468549,0.591440271685854,-0.1313653500537366,1567457513544
2680,2680,462,Gyroscope,0.15556756830208823,0.6052608880000149,-0.1353668632748785,1567457513547
2682,2682,462,Gyroscope,0.1800007685949852,0.6150960830641338,-0.11914059811809133,1567457513549
2684,2684,462,Gyroscope,0.1980069234704669,0.6264552614193687,-0.09033179646519769,1567457513550
2686,2686,462,Gyroscope,0.2057857944348715,0.6429841223372899,-0.05285532300418168,1567457513552
2688,2688,462,Gyroscope,0.20723591245589917,0.6627686382042903,-0.005784614169233218,1567457513554
2690,2690,462,Gyroscope,0.2064882547220965,0.6788506018373,0.04774528568786335,1567457513556
2692,2692,462,Gyroscope,0.20113297885954756,0.6831473782109746,0.09990300105661776,1567457513559
2694,2694,462,Gyroscope,0.1847644999408278,0.6712922891218188,0.1465802005036318,1567457513561
2696,2696,462,Gyroscope,0.15422055148897307,0.6479868611714252,0.18893677315954283,1567457513562
2698,2698,462,Gyroscope,0.11355904709925066,0.6250416129052092,0.2278390124145947,1567457513564
2700,2700,462,Gyroscope,0.06895491249989463,0.6083519941798526,0.26338406757140315,1567457513566
2701,2701,462,Gyroscope,0.020764103433403503,0.5913455587140395,0.29774362394127535,1567457513568
2703,2703,462,Gyroscope,-0.03187463982808857,0.5669174602295559,0.33180893821112584,1567457513571
2706,2706,462,Gyroscope,-0.0811997354458573,0.5379118478241001,0.36161793929081976,1567457513572
2708,2708,462,Gyroscope,-0.11808078715971462,0.5104754028786572,0.3835399897290791,1567457513574
2710,2710,462,Gyroscope,-0.14642913294170712,0.48693874578280844,0.398894234906467,1567457513576
2712,2712,462,Gyroscope,-0.17785933108841342,0.4683580950751376,0.4100198073950917,1567457513578
2714,2714,462,Gyroscope,-0.21477351803505074,0.4513263266088746,0.4169128358672051,1567457513580
2716,2716,462,Gyroscope,-0.249459997185515,0.41994989320302456,0.4193995860510047,1567457513583
2718,2718,462,Gyroscope,-0.2775763211978499,0.3584915217977847,0.41868728755817064,1567457513585
2720,2720,462,Gyroscope,-0.3018750064905869,0.2789266755884512,0.4167851205431913,1567457513586
2722,2722,462,Gyroscope,-0.32239821257681367,0.2173157863745032,0.4158600057885766,1567457513588
2724,2724,462,Gyroscope,-0.3330231924519924,0.1935860204528742,0.4158894229359118,1567457513590
2726,2726,462,Gyroscope,-0.3304181880136845,0.19342636359117252,0.41277033408122094,1567457513592
2728,2728,462,Gyroscope,-0.3189086124289273,0.19597213343595032,0.40244884450947327,1567457513595
2730,2730,462,Gyroscope,-0.30331243298225363,0.198118453894571,0.3857597758732909,1567457513597
2732,2732,462,Gyroscope,-0.2822296272053249,0.20550663752322507,0.3645541193219587,1567457513598
2734,2734,462,Gyroscope,-0.25231974445137995,0.21774800043551049,0.3370328472633948,1567457513600
2736,2736,462,Gyroscope,-0.21606658027985903,0.23001202441924956,0.3028260457074412,1567457513602
2738,2738,462,Gyroscope,-0.179933059765063,0.2412599410635371,0.26576829948554437,1567457513604
2740,2740,462,Gyroscope,-0.14621914955148257,0.25635966003237204,0.22657070592483033,1567457513606
2742,2742,462,Gyroscope,-0.11345413912858704,0.27998747634598237,0.18267271914172978,1567457513609
2744,2744,462,Gyroscope,-0.08345963785932725,0.30984902358908506,0.13747133041294735,1567457513610
2746,2746,462,Gyroscope,-0.05958651969720746,0.33974261199355693,0.0977035798967702,1567457513612
2748,2748,462,Gyroscope,-0.03929265526228834,0.36862157081454294,0.06197467433725788,1567457513614
2749,2749,462,Gyroscope,-0.017155518818365648,0.4004043877121838,0.023127383572305864,1567457513616
2752,2752,462,Gyroscope,0.005753039751682755,0.4350521125426966,-0.019649569073658755,1567457513619
2754,2754,462,Gyroscope,0.023098671003173293,0.4677842565197948,-0.06076998856003768,1567457513621
2756,2756,462,Gyroscope,0.03311558649895683,0.49780197137276083,-0.09830828202983596,1567457513623
2758,2758,462,Gyroscope,0.04049048225123064,0.5290620427878047,-0.1350101978137038,1567457513624
2760,2760,462,Gyroscope,0.048725307322291786,0.5616170691191111,-0.17082010633393163,1567457513626
2762,2762,462,Gyroscope,0.05628034887216871,0.5913479238223868,-0.2025114755671682,1567457513628
2764,2764,462,Gyroscope,0.06027960437443636,0.6188094720611494,-0.22960129506742757,1567457513630
2766,2766,462,Gyroscope,0.060098369866698385,0.6491213563574315,-0.2548728993819868,1567457513633
2767,2767,462,Gyroscope,0.05677956513616132,0.6828967769249016,-0.27979865167316514,1567457513635
2769,2769,462,Gyroscope,0.05038104349812638,0.7165296973265742,-0.3030952263076313,1567457513637
2771,2771,462,Gyroscope,0.0397437961606497,0.7503233815620634,-0.3238537123261277,1567457513638
2773,2773,462,Gyroscope,0.025660557956786633,0.786258437951638,-0.342818261796503,1567457513640
2776,2776,462,Gyroscope,0.010673883397580762,0.8207351129541742,-0.35975013877146955,1567457513642
2777,2777,462,Gyroscope,-0.005133636414299491,0.8490560433524165,-0.373479182514022,1567457513644
2779,2779,462,Gyroscope,-0.022914480642786436,0.8718531438324113,-0.3851207591536653,1567457513647
2782,2782,462,Gyroscope,-0.04133957443389267,0.8913023900866418,-0.3968439578799429,1567457513649
2784,2784,462,Gyroscope,-0.060218238694332384,0.9091994638393177,-0.4079760852613432,1567457513650
2786,2786,462,Gyroscope,-0.08254314235657353,0.9294952233755736,-0.4164201944883142,1567457513652
2788,2788,462,Gyroscope,-0.10673309225515917,0.951332505064747,-0.42239373056929647,1567457513654
2790,2790,462,Gyroscope,-0.1253409791671822,0.9645970879884642,-0.4273458871230985,1567457513656
2792,2792,462,Gyroscope,-0.13914214383588275,0.9694525551356308,-0.4314451925298284,1567457513659
2794,2794,462,Gyroscope,-0.16040566749900698,0.9849218042468488,-0.4351466318971137,1567457513661
2796,2796,462,Gyroscope,-0.18768191183837837,1.003803025838743,-0.43951689587188103,1567457513662
2798,2798,462,Gyroscope,-0.19692303908895853,0.9746210188902918,-0.44090228902959183,1567457513664
2799,2799,462,Gyroscope,-0.18967096260099275,0.9044291258284463,-0.43154239826435925,1567457513666
2802,2802,462,Gyroscope,-0.2178088957479774,0.9203230748144695,-0.41278393292628995,1567457513668
2803,2803,462,Gyroscope,-0.29913815473527117,1.0975687188814074,-0.4000534943820321,1567457513670
2806,2806,462,Gyroscope,-0.35088922945736145,1.2934935806692516,-0.4101973934570551,1567457513673
2808,2808,462,Gyroscope,-0.29132924081997413,1.2793308713742264,-0.4590067796027133,1567457513675
2810,2810,462,Gyroscope,-0.1588561696799341,0.9479904522775877,-0.5630167397745012,1567457513676
2811,2811,462,Gyroscope,-0.04715094525664484,0.34401177063995647,-0.4941297804072441,1567457513678
2814,2814,462,Gyroscope,0.020843590380508606,-0.3599139461042017,-0.5001364247342722,1567457513680
2815,2815,462,Gyroscope,0.08202297413795576,-0.90533481511472,-0.5155180076482964,1567457513682
2818,2818,462,Gyroscope,0.15200110321752922,-1.1090021605849083,-0.8329136100648191,1567457513685
2820,2820,462,Gyroscope,0.21669480853338058,-1.0047230613856937,-0.7886773890461591,1567457513687
2821,2821,462,Gyroscope,0.2670547924207266,-0.7979738985405211,-0.7225877083944838,1567457513688
2823,2823,462,Gyroscope,0.29917137434442603,-0.6994790818755464,-0.6303663419657786,1567457513690
2825,2825,462,Gyroscope,0.30651696911433135,-0.7876071403325084,-0.5453942623290793,1567457513692
2827,2827,462,Gyroscope,0.29670707101583604,-0.9867170804156593,-0.5001364247342722,1567457513694
2830,2830,462,Gyroscope,0.28977469911500187,-1.1540448284837208,-0.4888864028865964,1567457513697
2832,2832,462,Gyroscope,0.2871346059756226,-1.1921439744214601,-0.4941297804072441,1567457513699
2834,2834,462,Gyroscope,0.2715139699335679,-1.1127339594979984,-0.5155180076482964,1567457513700
2836,2836,462,Gyroscope,0.24381042478606338,-1.018611930326232,-0.5542243669888597,1567457513702
2838,2838,462,Gyroscope,0.22775538230042863,-1.0099219253421277,-0.5990436233029587,1567457513704
2839,2839,462,Gyroscope,0.23359958578875162,-1.1009611132935744,-0.646251518763006,1567457513706
2841,2841,462,Gyroscope,0.24741328949706892,-1.238518518175753,-0.7069780615203185,1567457513709
2843,2843,462,Gyroscope,0.25952208433567164,-1.3712743555081994,-0.7794892800073413,1567457513711
2846,2846,462,Gyroscope,0.2789036728629142,-1.4668142021460755,-0.8405266067760367,1567457513712
2848,2848,462,Gyroscope,0.3153418252891457,-1.4977665571942547,-0.8768832351195719,1567457513714
2849,2849,462,Gyroscope,0.36297703609906873,-1.4600980095605682,-0.8999239689614924,1567457513716
2851,2851,462,Gyroscope,0.4083644292209389,-1.3897652899835156,-0.9209919682467804,1567457513718
2853,2853,462,Gyroscope,0.44913163577480414,-1.334056438429004,-0.9371641284071235,1567457513720
2855,2855,462,Gyroscope,0.49593619276415235,-1.3157955611498835,-0.9458450360152286,1567457513723
2857,2857,462,Gyroscope,0.5546636996476016,-1.3307517190259364,-0.9526953725541172,1567457513725
2859,2859,462,Gyroscope,0.6165707956213441,-1.363735381705523,-0.9614071730024238,1567457513727
2861,2861,462,Gyroscope,0.6722469234812944,-1.4044130624562157,-0.9685325627621489,1567457513728
2863,2863,462,Gyroscope,0.7252845385497497,-1.4558237796386222,-0.9707548564368007,1567457513730
2865,2865,462,Gyroscope,0.7826242382836301,-1.5274771836033434,-0.9704866493783149,1567457513732
2867,2867,462,Gyroscope,0.8414360147205335,-1.6259408388915713,-0.9720288132404958,1567457513734
2869,2869,462,Gyroscope,0.8952765459101786,-1.7538141856584235,-0.9753967304544537,1567457513737
2871,2871,462,Gyroscope,0.9426024729053384,-1.8992361588007054,-0.9776192276475384,1567457513739
2873,2873,462,Gyroscope,0.9832999832259923,-2.028724570049942,-0.9791787353953347,1567457513740
2875,2875,462,Gyroscope,1.0175353593871261,-2.116092493800233,-0.9837450121128403,1567457513742
2877,2877,462,Gyroscope,1.0470927384340685,-2.1691830337339946,-0.9900112818251475,1567457513744
2879,2879,462,Gyroscope,1.065647872910903,-2.2011066224166003,-0.9880381775457812,1567457513746
2881,2881,462,Gyroscope,1.0489563251251703,-2.1853052193032974,-0.9641633716813824,1567457513749
2883,2883,462,Gyroscope,0.965415990233516,-2.0700001551321754,-0.9067090867715043,1567457513751
2885,2885,462,Gyroscope,0.8096259531726987,-1.8527346246471108,-0.8141542981592751,1567457513753
2887,2887,462,Gyroscope,0.6351568378489605,-1.6160944623766855,-0.7079126013455246,1567457513754
2889,2889,462,Gyroscope,0.5313309551293924,-1.4414422029631782,-0.6271244248788425,1567457513756
2891,2891,462,Gyroscope,0.5299068618327344,-1.3213337439754747,-0.5940167888587594,1567457513758
2893,2893,462,Gyroscope,0.5588415026660111,-1.2469553237977165,-0.590730678972707,1567457513760
2895,2895,462,Gyroscope,0.555197694541307,-1.291854886164002,-0.5858486618043013,1567457513763
2897,2897,462,Gyroscope,0.5891647031596061,-1.4203231542790395,-0.579170762814162,1567457513765
2899,2899,462,Gyroscope,0.7470717327763927,-1.3556759848514714,-0.5998855455080129,1567457513767
2902,2902,462,Gyroscope,0.9213520778047756,-0.947531384479751,-0.653938927595987,1567457513768
2904,2904,462,Gyroscope,0.921195960283804,-0.5014549224061755,-0.700127484135913,1567457513770
2906,2906,462,Gyroscope,0.783494312703862,-0.38377487142112077,-0.7015208783808158,1567457513772
2908,2908,462,Gyroscope,0.7292693380072404,-0.5141408796607334,-0.6716760987173143,1567457513777
2910,2910,462,Gyroscope,0.8137890962855299,-0.5830675876512023,-0.6371406560422785,1567457513779
2912,2912,462,Gyroscope,0.8664762402616099,-0.49373700192553815,-0.5843708930484959,1567457513781
2913,2913,462,Gyroscope,0.7711996712455177,-0.3029463072717446,-0.48037150930646844,1567457513783
2916,2916,462,Gyroscope,0.5860827826240939,0.001519664362020598,-0.3204175855211092,1567457513785
2918,2918,462,Gyroscope,0.3944595241136897,0.4264920480678873,-0.12982572277628893,1567457513787
2920,2920,462,Gyroscope,0.2207462424907637,0.840595916702986,0.05490418117340804,1567457513788
2922,2922,462,Gyroscope,0.09162424350202691,1.0684665776382283,0.19723814643553722,1567457513791
2924,2924,462,Gyroscope,0.039914621937947724,1.0650986865319472,0.28303486164635205,1567457513793
2926,2926,462,Gyroscope,0.04344440681774352,0.9311251158176518,0.3321998820200374,1567457513795
2928,2928,462,Gyroscope,0.04797396380073819,0.7753448466833515,0.37123306692538305,1567457513797
2930,2930,462,Gyroscope,0.04049510651451488,0.6207631180278195,0.409511748209444,1567457513799
2932,2932,462,Gyroscope,0.042868854103382786,0.4632268099364999,0.449456476188315,1567457513800
2934,2934,462,Gyroscope,0.05426581888186051,0.3543213831446345,0.49507324470107494,1567457513803
2936,2936,462,Gyroscope,0.04869121875222257,0.35668785749138265,0.5428089973040224,1567457513805
2938,2938,462,Gyroscope,0.019886401495438834,0.45130818655787797,0.5823221448735075,1567457513807
2940,2940,462,Gyroscope,0.04390159903082637,0.5545134846834804,0.6104492062553303,1567457513809
2942,2942,462,Gyroscope,0.04344440681774352,0.6073086890044741,0.6314098308960091,1567457513811
2944,2944,462,Gyroscope,0.01396804755538097,0.606584193894084,0.644084959853408,1567457513813
2946,2946,462,Gyroscope,0.038278298843408026,0.5773646737352649,0.643291284474298,1567457513814
2948,2948,462,Gyroscope,0.05376566303003498,0.5511209252240445,0.6327193284373307,1567457513817
2949,2949,462,Gyroscope,0.060199131136197376,0.5521410552072838,0.6232768332940929,1567457513819
2951,2951,462,Gyroscope,0.06085481526480062,0.5838285316034769,0.6184657072499623,1567457513821
2953,2953,462,Gyroscope,0.057933148488167906,0.6376723199148232,0.6111629729452349,1567457513823
2955,2955,462,Gyroscope,0.052384509734348605,0.7120931723704629,0.5951895318685236,1567457513825
2958,2958,462,Gyroscope,0.04390159903082637,0.8062614135227275,0.5727220958949237,1567457513827
2960,2960,462,Gyroscope,0.032198500506350064,0.9092818009057848,0.5476925844362375,1567457513828
2962,2962,462,Gyroscope,0.018853363235873822,1.0121654221742173,0.5175324372356123,1567457513831
2964,2964,462,Gyroscope,0.006827532487960262,1.1122025663516952,0.47894893251183956,1567457513833
2966,2966,462,Gyroscope,-0.0015352291661739528,1.198501957777519,0.43912188370162675,1567457513835
2967,2967,462,Gyroscope,-0.005598689703949988,1.2556354438262587,0.41006681055840666,1567457513837
2969,2969,462,Gyroscope,-0.005881088759566246,1.2817456522351438,0.3920477168919466,1567457513839
2971,2971,462,Gyroscope,-0.003002842641709742,1.2868497007580197,0.374228869116928,1567457513841
2974,2974,462,Gyroscope,0.002602372119373116,1.279067791155438,0.3517993679203701,1567457513843
2976,2976,462,Gyroscope,0.01075606840623899,1.2605720239095706,0.3303073930548877,1567457513845
2978,2978,462,Gyroscope,0.021579956456329014,1.2315477921282165,0.3129052307451719,1567457513847
2979,2979,462,Gyroscope,0.034595192314859385,1.195298012731974,0.2958057408422004,1567457513849
2981,2981,462,Gyroscope,0.04826657744923808,1.1574424503260712,0.2773142692252772,1567457513851
2983,2983,462,Gyroscope,0.061525845139737675,1.1189266777384528,0.260848767774215,1567457513853
2985,2985,462,Gyroscope,0.0747413501953967,1.0783730174048216,0.24873438187523017,1567457513854
2988,2988,462,Gyroscope,0.08851943327539746,1.0415570589496113,0.24036164669987206,1567457513857
2990,2990,462,Gyroscope,0.10293989193676403,1.0152741688084648,0.23558641035622596,1567457513859
2992,2992,462,Gyroscope,0.11789829609144825,0.9944587854021787,0.23564993191818778,1567457513861
2994,2994,462,Gyroscope,0.1329489366731288,0.9697935188445426,0.24142808165577304,1567457513863
2995,2995,462,Gyroscope,0.14749740831325128,0.9430230779094191,0.252140060432938,1567457513865
2998,2998,462,Gyroscope,0.1614766270944013,0.9218361161062278,0.26583592184366156,1567457513866
3000,3000,462,Gyroscope,0.17467119167588527,0.9059091311105189,0.2813703446353375,1567457513869
3002,3002,462,Gyroscope,0.18608619588753852,0.890236269150808,0.299073416128163,1567457513871
3004,3004,462,Gyroscope,0.19527498311986274,0.8768878310439958,0.3188198522407384,1567457513873
3006,3006,462,Gyroscope,0.20289890748314685,0.8708160882520358,0.3388514912222976,1567457513875
3008,3008,462,Gyroscope,0.20900092679488208,0.8669826694849289,0.35791809254263507,1567457513877
3010,3010,462,Gyroscope,0.21266447768992908,0.8539159755703807,0.37718695525325596,1567457513879
3012,3012,462,Gyroscope,0.21423636012630348,0.8276049877871263,0.3979622091716958,1567457513881
3014,3014,462,Gyroscope,0.2158263221556989,0.7892448457158349,0.41976530770306997,1567457513883
3016,3016,462,Gyroscope,0.21867182964107904,0.7343161456950074,0.4430791372702329,1567457513885
3018,3018,462,Gyroscope,0.2216506385992763,0.661125283901054,0.4696729001265406,1567457513887
3020,3020,462,Gyroscope,0.2231305579291663,0.5837809134073418,0.49777801551049083,1567457513889
3021,3021,462,Gyroscope,0.22320110844221464,0.5139804943534678,0.5229832746406794,1567457513891
3023,3023,462,Gyroscope,0.22374942939118392,0.4349582731140398,0.545995107422104,1567457513893
3025,3025,462,Gyroscope,0.2268177596952212,0.32054634620017386,0.572696891652826,1567457513894
3028,3028,462,Gyroscope,0.23258971371496437,0.17791460999366804,0.6047107746735905,1567457513897
3030,3030,462,Gyroscope,0.23903658495344104,0.04032700948347481,0.6375379870220252,1567457513899
3032,3032,462,Gyroscope,0.24474792105021861,-0.08119772558903983,0.6697105949246908,1567457513901
3034,3034,462,Gyroscope,0.2514204882757372,-0.2023728424688229,0.7042468679693419,1567457513903
3036,3036,462,Gyroscope,0.261110865191472,-0.3250423251690205,0.7393309493229256,1567457513905
3038,3038,462,Gyroscope,0.2729233968620257,-0.4342174091598816,0.768746984031689,1567457513907
3040,3040,462,Gyroscope,0.28652358611223117,-0.534826129177326,0.793124904600955,1567457513909
3042,3042,462,Gyroscope,0.30580430676367776,-0.6522417594800164,0.819619021380843,1567457513911
3044,3044,462,Gyroscope,0.3342064462566938,-0.7943120544685262,0.8500126583880396,1567457513913
3046,3046,462,Gyroscope,0.37073457924667663,-0.9454659904895792,0.8796910891558375,1567457513915
3048,3048,462,Gyroscope,0.41403689123372045,-1.0973523678374946,0.9069891030925179,1567457513916
3050,3050,462,Gyroscope,0.46439075025817056,-1.2531548859378236,0.9335745705847421,1567457513919
3052,3052,462,Gyroscope,0.519830528065389,-1.4078903398361353,0.9592172194164805,1567457513921
3054,3054,462,Gyroscope,0.576106975001192,-1.553697653258924,0.9843129041652818,1567457513923
3056,3056,462,Gyroscope,0.6326111213042643,-1.6926236566867894,1.0113881061694119,1567457513925
3058,3058,462,Gyroscope,0.6941819187133216,-1.8252359881669313,1.0392638848729192,1567457513927
3060,3060,462,Gyroscope,0.41403689123372045,-1.9331476917032542,1.0633641339312834,1567457513929
3062,3062,462,Gyroscope,0.41403689123372045,-1.973047428795855,1.083256532943829,1567457513931
3064,3064,462,Gyroscope,0.7135891580747813,-1.9049702004106264,1.1029262011039989,1567457513932
3066,3066,462,Gyroscope,0.583680798887123,-1.7539978120315898,1.1239209822579304,1567457513935
3068,3068,462,Gyroscope,0.4658827898693181,-1.6080567348200603,1.1430515682492537,1567457513937
3070,3070,462,Gyroscope,0.4107243684305487,-1.5169632669688333,1.156325444925995,1567457513939
3072,3072,462,Gyroscope,0.39117826771637765,-1.4435136970190707,1.1622863455432988,1567457513941
3073,3073,462,Gyroscope,0.36348593424523035,-1.3428061552533483,1.1614481446424,1567457513943
3075,3075,462,Gyroscope,0.3248318099345859,-1.2257605932825828,1.1535035338695625,1567457513945
3077,3077,462,Gyroscope,0.29037686583666866,-1.1174928646273101,1.1354968055650105,1567457513947
3079,3079,462,Gyroscope,0.2574744104710973,-1.0128857772950506,1.1047211528953138,1567457513949
3081,3081,462,Gyroscope,0.21658953629058877,-0.900598079864549,1.0642299556315264,1567457513951
3084,3084,462,Gyroscope,0.1705286003474437,-0.7857224722535103,1.0208538740197648,1567457513953
3086,3086,462,Gyroscope,0.12422936726034563,-0.6674326175509864,0.9768175971335299,1567457513955
3088,3088,462,Gyroscope,0.07359573428013755,-0.5314303117623961,0.9302666723219235,1567457513956
3089,3089,462,Gyroscope,0.016397414925564166,-0.37743182248868035,0.8831422383494789,1567457513959
3092,3092,462,Gyroscope,-0.043115120739387724,-0.2202491992398994,0.8392526036196534,1567457513961
3094,3094,462,Gyroscope,-0.10921105374439916,-0.05908568646863137,0.796071153830053,1567457513963
3095,3095,462,Gyroscope,-0.19524310153650945,0.11965890312217908,0.7475885747831041,1567457513965
3097,3097,462,Gyroscope,-0.3009443517343081,0.3026965426080367,0.6939735138725395,1567457513967
3100,3100,462,Gyroscope,-0.4094880413117479,0.4455097712146307,0.6399488898635954,1567457513969
3102,3102,462,Gyroscope,-0.5119870556429987,0.5206926224152513,0.5858439039276622,1567457513971
3104,3104,462,Gyroscope,-0.6117132935140391,0.5430933023975129,0.5294971013429669,1567457513973
3106,3106,462,Gyroscope,-0.706926600745919,0.5353872913530613,0.4715590501549575,1567457513975
3108,3108,462,Gyroscope,-0.794376596158322,0.4992871098992951,0.4101472933239323,1567457513977
3109,3109,462,Gyroscope,-0.8788998852512744,0.43424633564887494,0.34171444292546255,1567457513979
3112,3112,462,Gyroscope,-0.9607936891338957,0.35645085813787236,0.27307081475439454,1567457513981
3114,3114,462,Gyroscope,-1.0318115832218544,0.2825652051220361,0.2161306714749289,1567457513982
3116,3116,462,Gyroscope,-1.0937237310035348,0.2109613672144488,0.16888199537906656,1567457513985
3118,3118,462,Gyroscope,-1.159685366399984,0.13245143494455666,0.1190079789451115,1567457513987
3120,3120,462,Gyroscope,-1.2323776488577196,0.05084953046599759,0.0652512216664556,1567457513989
3121,3121,462,Gyroscope,-1.3008514527993802,-0.020012629851554473,0.018372070130930118,1567457513991
3123,3123,462,Gyroscope,-1.3613719000658757,-0.07542887062347806,-0.01741369807499108,1567457513993
3125,3125,462,Gyroscope,-1.4218071211761807,-0.12145472037824681,-0.047505094609039615,1567457513995
3127,3127,462,Gyroscope,-1.4838266980596617,-0.15990950910885926,-0.07300155640450824,1567457513997
3129,3129,462,Gyroscope,-1.5397468782176835,-0.18645394247850572,-0.08947216995775356,1567457513999
3131,3131,462,Gyroscope,-1.5880622204850217,-0.20101931300482412,-0.09783684989125582,1567457514001
3133,3133,462,Gyroscope,-1.635965516803735,-0.2086627801134428,-0.10372425685656253,1567457514003
3135,3135,462,Gyroscope,-1.686414953564265,-0.21211272197165199,-0.10852372543392186,1567457514005
3137,3137,462,Gyroscope,-1.735385507280901,-0.20914739455582468,-0.10926772081173663,1567457514007
3139,3139,462,Gyroscope,-1.780630000208705,-0.1976114144373369,-0.10453188666213326,1567457514009
3141,3141,462,Gyroscope,-1.8226879489663377,-0.181270830908691,-0.09587254426827305,1567457514011
3143,3143,462,Gyroscope,-1.8603911529446493,-0.16450659910908938,-0.08505138163764284,1567457514013
3145,3145,462,Gyroscope,-1.8935398795250262,-0.1406779251371323,-0.07221818450753788,1567457514015
3148,3148,462,Gyroscope,-1.9243904541063803,-0.09793151404998322,-0.05710310668501888,1567457514017
3150,3150,462,Gyroscope,-1.9519062958978917,-0.03764765590124288,-0.040855902012794376,1567457514019
3152,3152,462,Gyroscope,-1.9717151703938276,0.027959402077333998,-0.025488491418599095,1567457514021
3153,3153,462,Gyroscope,-1.9828921495055596,0.09668992679389249,-0.011884726162738304,1567457514023
3155,3155,462,Gyroscope,-1.9889759483508356,0.17768965233865402,0.0011288594121582674,1567457514025
3158,3158,462,Gyroscope,-1.9931163946799806,0.2699730444455944,0.015616942620543979,1567457514027
3159,3159,462,Gyroscope,-1.9947026640615548,0.357906378075531,0.03156414627350672,1567457514029
3161,3161,462,Gyroscope,-1.990146441324498,0.433088164131162,0.04578471390357457,1567457514031
3164,3164,462,Gyroscope,-1.9781431071731128,0.5014007100729752,0.0556547717545118,1567457514033
3166,3166,462,Gyroscope,-1.963440849222796,0.5638910112792431,0.06240366660921494,1567457514035
3168,3168,462,Gyroscope,-1.951164206302305,0.6118516649939775,0.06799972547516873,1567457514037
3170,3170,462,Gyroscope,-1.938756373877646,0.6435180308840907,0.07073405242899543,1567457514039
3172,3172,462,Gyroscope,-1.9197569523303954,0.6666857923585849,0.06780584164030976,1567457514041
3174,3174,462,Gyroscope,-1.8941722108847578,0.6845270257215902,0.060301089989816925,1567457514043
3176,3176,462,Gyroscope,-1.8670609066607404,0.6924638237596976,0.049926700059904086,1567457514045
3178,3178,462,Gyroscope,-1.8384317812979378,0.6878363736756039,0.03306885838984185,1567457514047
3180,3180,462,Gyroscope,-1.8047665618612234,0.6740455224908171,0.00603371081488234,1567457514049
3182,3182,462,Gyroscope,-1.7687230627621653,0.6563760779446057,-0.026179742701984976,1567457514051
3184,3184,462,Gyroscope,-1.7363166799646856,0.6382998873254352,-0.055300610799043304,1567457514053
3186,3186,462,Gyroscope,-1.706390581680497,0.6204838586275534,-0.08153790886946115,1567457514055
3188,3188,462,Gyroscope,-1.6726293331040119,0.6015651082847119,-0.11119395935563184,1567457514057
3190,3190,462,Gyroscope,-1.6344562647792398,0.5816031159997344,-0.14471776705510653,1567457514059
3192,3192,462,Gyroscope,-1.5974558069678255,0.5641216580620205,-0.17613402041613876,1567457514061
3194,3194,462,Gyroscope,-1.564158195996509,0.5521717174908729,-0.2033235883583667,1567457514063
3196,3196,462,Gyroscope,-1.533179165482284,0.544819708069173,-0.22970785147977132,1567457514065
3198,3198,462,Gyroscope,-1.5055839690187394,0.5406185264934777,-0.2568922849667254,1567457514067
3200,3200,462,Gyroscope,-1.482662364607186,0.5409688509129739,-0.28390097807983716,1567457514069
3202,3202,462,Gyroscope,-1.4610577651524537,0.5467255849742471,-0.3105303096604508,1567457514072
3204,3204,462,Gyroscope,-1.4382110402462054,0.5551344580111363,-0.335611645892077,1567457514073
3205,3205,462,Gyroscope,-1.4169786103792112,0.5635633663136267,-0.35706996086814247,1567457514075
3207,3207,462,Gyroscope,-1.3990281938923328,0.5736951593190638,-0.37624935027682616,1567457514077
3209,3209,462,Gyroscope,-1.3804774419175914,0.5885846127313265,-0.3963084372668362,1567457514079
3211,3211,462,Gyroscope,-1.3587956461146882,0.606876782524153,-0.4165036951453518,1567457514081
3213,3213,462,Gyroscope,-1.3371201346361823,0.6238379938022531,-0.4344213477984677,1567457514083
3215,3215,462,Gyroscope,-1.3178784934759937,0.6374444435524715,-0.45223988146138916,1567457514085
3217,3217,462,Gyroscope,-1.2992548571020763,0.6486946083678905,-0.47330447360258854,1567457514087
3219,3219,462,Gyroscope,-1.2802350676755292,0.6565870140619112,-0.49455657688387467,1567457514089
3221,3221,462,Gyroscope,-1.2619541650298554,0.6577091726097966,-0.510330035181301,1567457514091
3223,3223,462,Gyroscope,-1.24345134115813,0.6502971758683807,-0.5214064093247455,1567457514093
3225,3225,462,Gyroscope,-1.2222557778009016,0.6361317247568244,-0.5334033545343588,1567457514095
3227,3227,462,Gyroscope,-1.1980420957944657,0.6188966232269588,-0.5486774316270331,1567457514097
3229,3229,462,Gyroscope,-1.1699692486555215,0.6000185139838665,-0.5652448754127511,1567457514099
3232,3232,462,Gyroscope,-1.1336739778575482,0.5766997604967738,-0.5812017346638401,1567457514101
3234,3234,462,Gyroscope,-1.0872962840938785,0.546349529264995,-0.5954888831256451,1567457514103
3236,3236,462,Gyroscope,-1.0334632252455125,0.5086681606778503,-0.6064207763816077,1567457514105
3238,3238,462,Gyroscope,-0.9696344645813504,0.4609981866460011,-0.6133731627279999,1567457514107
3240,3240,462,Gyroscope,-0.8899291608708868,0.4004442780528015,-0.6178525758146352,1567457514109
3242,3242,462,Gyroscope,-0.8004453629404265,0.3320710419355114,-0.6204927652102371,1567457514111
3244,3244,462,Gyroscope,-0.7139214238313851,0.2639128828510867,-0.6193562210441514,1567457514113
3245,3245,462,Gyroscope,-0.6267038338884307,0.19394877054556084,-0.6123635559093471,1567457514115
3247,3247,462,Gyroscope,-0.522624463041879,0.11436729775114086,-0.5997365897234465,1567457514117
3249,3249,462,Gyroscope,-0.40196116072852445,0.029266702143220975,-0.5832150094775701,1567457514119
3251,3251,462,Gyroscope,-0.2811646670522924,-0.0448873551618521,-0.562412001787082,1567457514121
3253,3253,462,Gyroscope,-0.1616749412688102,-0.09781790646925641,-0.5335500806945138,1567457514123
3255,3255,462,Gyroscope,-0.03140561198626656,-0.13030068687652183,-0.4953809953832968,1567457514125
3258,3258,462,Gyroscope,0.10174904621496378,-0.14079252943795664,-0.45393255379877084,1567457514127
3260,3260,462,Gyroscope,0.21646813753270497,-0.12319210918101807,-0.41521576711408514,1567457514129
3262,3262,462,Gyroscope,0.31814528952870025,-0.07723786095614765,-0.3758870634255127,1567457514131
3264,3264,462,Gyroscope,0.43370806492890623,-0.011702995623916728,-0.3290241240520273,1567457514133
3265,3265,462,Gyroscope,0.5668640334774836,0.057380354048543206,-0.2771342124036962,1567457514135
3267,3267,462,Gyroscope,0.6962806764964472,0.11163785572217051,-0.2303657619554001,1567457514137
3269,3269,462,Gyroscope,0.8173264427332102,0.1444528140438917,-0.1932305720699114,1567457514139
3271,3271,462,Gyroscope,0.9451824728983569,0.1655961221317257,-0.16289362451556005,1567457514141
3273,3273,462,Gyroscope,1.0770116134229044,0.18438445399363174,-0.13876795258147878,1567457514143
3275,3275,462,Gyroscope,1.1920606910215272,0.19969035149582265,-0.12405448115184128,1567457514145
3277,3277,462,Gyroscope,1.2892459434211867,0.21147030162086752,-0.11948472999718204,1567457514147
3279,3279,462,Gyroscope,1.3890725934314687,0.22700519065989283,-0.12204441561561906,1567457514149
3281,3281,462,Gyroscope,1.4983986274961112,0.24979763772333763,-0.1284162404054713,1567457514152
3284,3284,462,Gyroscope,1.6031913802113222,0.2743470407624967,-0.13795423336289012,1567457514153
3286,3286,462,Gyroscope,1.695923997733589,0.2960933973211822,-0.15309179134266782,1567457514155
3288,3288,462,Gyroscope,1.782455746704526,0.31674285857148726,-0.17515777321230602,1567457514157
3290,3290,462,Gyroscope,1.8647154288861985,0.3379417558268072,-0.20125426901012533,1567457514159
3292,3292,462,Gyroscope,1.941318707805226,0.35818588188937006,-0.22879238264443139,1567457514162
3293,3293,462,Gyroscope,2.015762323517034,0.3764970869468047,-0.25902936323330034,1567457514163
3296,3296,462,Gyroscope,2.086436781565019,0.39375763318952794,-0.29205428020114943,1567457514165
3298,3298,462,Gyroscope,2.1445830786269426,0.41134558807579064,-0.32361972475176415,1567457514167
3300,3300,462,Gyroscope,2.1911077069389053,0.43080225170251185,-0.3512413224500484,1567457514169
3302,3302,462,Gyroscope,2.2375347266969947,0.45286974566472404,-0.37898846346385673,1567457514171
3304,3304,462,Gyroscope,2.2865602348085483,0.4764456689726244,-0.41165740347548474,1567457514173
3305,3305,462,Gyroscope,2.3270144917280353,0.5021382532058508,-0.44741050856010706,1567457514175
3307,3307,462,Gyroscope,2.349881399355341,0.5361895947141562,-0.48085988672488666,1567457514177
3309,3309,462,Gyroscope,2.356887131616711,0.5839745033472366,-0.509999846749094,1567457514179
3311,3311,462,Gyroscope,2.352637863809817,0.6399327122034697,-0.5355943956200364,1567457514181
3313,3313,462,Gyroscope,2.339325873895636,0.6921187586354348,-0.55770502477601,1567457514183
3315,3315,462,Gyroscope,2.319764980597035,0.7361695777405717,-0.5768010713484899,1567457514186
3317,3317,462,Gyroscope,2.2975891380771913,0.7771644394441899,-0.5948611447975655,1567457514187
3319,3319,462,Gyroscope,2.2735067137496916,0.8179196662436353,-0.6120057414948104,1567457514189
3321,3321,462,Gyroscope,2.24444926575928,0.8525997462345845,-0.6247797202151288,1567457514191
3323,3323,462,Gyroscope,2.207552353302235,0.874363498954841,-0.6308175846212406,1567457514193
3325,3325,462,Gyroscope,2.1652631319080555,0.8831840359789941,-0.6320922956862313,1567457514195
3327,3327,462,Gyroscope,2.123198334225907,0.8819400665398979,-0.631032365243667,1567457514197
3329,3329,462,Gyroscope,2.081275392408611,0.8712064043009845,-0.6275278296430776,1567457514199
3331,3331,462,Gyroscope,2.0341623067901455,0.8533128958852532,-0.6210120266388559,1567457514201
3333,3333,462,Gyroscope,1.982535808926062,0.835388423821646,-0.6112994146357478,1567457514203
3335,3335,462,Gyroscope,1.9330850942273679,0.8220556395295764,-0.5977900905412649,1567457514205
3337,3337,462,Gyroscope,1.8850968258443226,0.80899098436507,-0.5807412668927588,1567457514207
3339,3339,462,Gyroscope,1.8301121762754757,0.7892638836331274,-0.5620301848916415,1567457514210
3341,3341,462,Gyroscope,1.7674823727733129,0.7633263892097247,-0.5437086816956916,1567457514211
3343,3343,462,Gyroscope,1.70570248709592,0.7365096227051562,-0.5265520799540973,1567457514213
3345,3345,462,Gyroscope,1.6463558016386743,0.7086848588389569,-0.5094794945817147,1567457514215
3348,3348,462,Gyroscope,1.5830462021576703,0.6749011735794563,-0.4905572407808886,1567457514217
3349,3349,462,Gyroscope,1.5165875806992621,0.6353910238727867,-0.4694748610123206,1567457514219
3352,3352,462,Gyroscope,1.4539705178200282,0.5949895532544984,-0.4488433577834429,1567457514222
3354,3354,462,Gyroscope,1.3931275088646626,0.5523097692375845,-0.4324281123511596,1567457514223
3356,3356,462,Gyroscope,1.3248453832648992,0.5000029145072402,-0.42165299622040886,1567457514225
3358,3358,462,Gyroscope,1.2484658873378964,0.43768946768991535,-0.41511419535397037,1567457514227
3359,3359,462,Gyroscope,1.1709683272329923,0.37347315185078844,-0.412462363385402,1567457514229
3362,3362,462,Gyroscope,1.092716541661101,0.3102089208357996,-0.4151547987666491,1567457514232
3364,3364,462,Gyroscope,1.0096073362358335,0.24418337319642297,-0.4218774166315592,1567457514233
3366,3366,462,Gyroscope,0.9259610490572996,0.17912929980187225,-0.42865504777867725,1567457514235
3368,3368,462,Gyroscope,0.8494343808325682,0.1237877904737111,-0.4347122578967451,1567457514237
3370,3370,462,Gyroscope,0.7773930072820571,0.07309279313091908,-0.4427340167797211,1567457514239
3372,3372,462,Gyroscope,0.7020481484101686,0.010086408980954167,-0.453514462312198,1567457514241
3374,3374,462,Gyroscope,0.6245657932288434,-0.06918856532400877,-0.4645708800557844,1567457514244
3376,3376,462,Gyroscope,0.5517231032725415,-0.14800519690027558,-0.4726907777412462,1567457514245
3378,3378,462,Gyroscope,0.4826720026406387,-0.20990501323224503,-0.4759936868822046,1567457514247
3379,3379,462,Gyroscope,0.4121844665148589,-0.2541246294639729,-0.4753437480510422,1567457514249
3382,3382,462,Gyroscope,0.34192214369161955,-0.28831670108966817,-0.47324355429406495,1567457514251
3384,3384,462,Gyroscope,0.2754158683780871,-0.31764825546539216,-0.46990232119571895,1567457514253
3386,3386,462,Gyroscope,0.21092273134609069,-0.3419576309532395,-0.46295571009726666,1567457514256
3388,3388,462,Gyroscope,0.1494209390490276,-0.3571299242232942,-0.4519654430049884,1567457514257
3390,3390,462,Gyroscope,0.09682092003731405,-0.36076940202276864,-0.43894683073945984,1567457514259
3392,3392,462,Gyroscope,0.05240213739981274,-0.35810487982519323,-0.42341332718346303,1567457514261
3394,3394,462,Gyroscope,0.00837169135033333,-0.3584065236636311,-0.4025299132009639,1567457514263
3395,3395,462,Gyroscope,-0.036890428725353266,-0.36560551725687945,-0.3777917629121603,1567457514265
3398,3398,462,Gyroscope,-0.07680564480532397,-0.37735516040434913,-0.3542138220251123,1567457514267
3400,3400,462,Gyroscope,-0.10778349133979054,-0.3939230811351486,-0.33111487048744737,1567457514269
3402,3402,462,Gyroscope,-0.1319258945896691,-0.42233923210616675,-0.30324679278829414,1567457514271
3404,3404,462,Gyroscope,-0.1491489115844889,-0.46929982145782834,-0.27202509099834515,1567457514273
3406,3406,462,Gyroscope,-0.15569236596318914,-0.5362288706698216,-0.24413101164981066,1567457514275
3408,3408,462,Gyroscope,-0.15016763213381812,-0.6248265300381779,-0.21885677747392135,1567457514277
3410,3410,462,Gyroscope,-0.1354236722777272,-0.7367257222444681,-0.18875604980910055,1567457514280
3411,3411,462,Gyroscope,-0.11518356140661304,-0.8607253358210802,-0.15254830592891488,1567457514281
3414,3414,462,Gyroscope,-0.09166876989094494,-0.977096082052652,-0.11599522341278964,1567457514283
3416,3416,462,Gyroscope,-0.06678762126693105,-1.0832978842896743,-0.08087735658164721,1567457514285
3418,3418,462,Gyroscope,-0.04454786081931142,-1.1930946147299106,-0.04469912441418665,1567457514287
3420,3420,462,Gyroscope,-0.029002747202292754,-1.3050765057643892,-0.009672378260151188,1567457514290
3422,3422,462,Gyroscope,-0.01909517994127879,-1.3971535246096183,0.020295766811386652,1567457514291
3424,3424,462,Gyroscope,-0.010323440744147573,-1.4521722611701455,0.04991060147450168,1567457514293
3426,3426,462,Gyroscope,-0.0015878310169284882,-1.4710767075437494,0.08812893928598281,1567457514295
3427,3427,462,Gyroscope,0.005701223548141816,-1.4689220615314917,0.13491810407889135,1567457514297
3430,3430,462,Gyroscope,0.01446622765287748,-1.4677248206977231,0.18255793982317042,1567457514299
3432,3432,462,Gyroscope,0.03061874276628835,-1.4823896931630176,0.22723662752068702,1567457514302
3434,3434,462,Gyroscope,0.054523426339200584,-1.510916300843319,0.26904439845194433,1567457514303
3436,3436,462,Gyroscope,0.08031677695498576,-1.5461182361682573,0.30588483438460523,1567457514305
3438,3438,462,Gyroscope,0.10414750126277127,-1.5893544399265847,0.33777922557317247,1567457514307
3440,3440,462,Gyroscope,0.1263562555123324,-1.6418391274605126,0.3695252031953897,1567457514309
3442,3442,462,Gyroscope,0.14566251740331843,-1.6930436624974805,0.40146170701008077,1567457514311
3444,3444,462,Gyroscope,0.15873236062367044,-1.7301701536506022,0.4276443790319498,1567457514313
3446,3446,462,Gyroscope,0.1655147243324788,-1.7508046866651465,0.4478893776457047,1567457514316
3448,3448,462,Gyroscope,0.16891084962962924,-1.7592169159332864,0.4705711605880225,1567457514317
3450,3450,462,Gyroscope,0.16915544008919103,-1.7579279440818354,0.5000522750453958,1567457514319
3452,3452,462,Gyroscope,0.16221884085495375,-1.744756660601443,0.5320700135396879,1567457514321
3454,3454,462,Gyroscope,0.14440178943157078,-1.713852484860682,0.5637012275815226,1567457514323
3456,3456,462,Gyroscope,0.11744350989230955,-1.663579896749341,0.5965018576552175,1567457514325
3458,3458,462,Gyroscope,0.08802297847587665,-1.6037962685604246,0.629027949408693,1567457514328
3460,3460,462,Gyroscope,0.061539632890686466,-1.5467927308310618,0.6577461697321798,1567457514329
3461,3461,462,Gyroscope,0.0373205373004802,-1.4925432224300665,0.6842955515821062,1567457514331
3464,3464,462,Gyroscope,0.011373319563991839,-1.4333979459851662,0.7120553379917185,1567457514333
3465,3465,462,Gyroscope,-0.017243632472825104,-1.3706515195046691,0.7385084037445291,1567457514335
3468,3468,462,Gyroscope,-0.045828204685647675,-1.3132625413579406,0.7589843223096838,1567457514337
3470,3470,462,Gyroscope,-0.07287934532223093,-1.2626573781205637,0.7745389191100425,1567457514340
3472,3472,462,Gyroscope,-0.09897267686309469,-1.2134579687462161,0.7894205125123847,1567457514341
3473,3473,462,Gyroscope,-0.1242545819422051,-1.1642894473844816,0.8036202311606966,1567457514343
3475,3475,462,Gyroscope,-0.14985808445161714,-1.113850423056515,0.8138144155460048,1567457514345
3478,3478,462,Gyroscope,-0.17841177857949647,-1.0567551965954496,0.8195862715628195,1567457514347
3480,3480,462,Gyroscope,-0.20912185362317098,-0.9949759658538184,0.8238533498377869,1567457514349
3482,3482,462,Gyroscope,-0.23758148162125847,-0.9387806233921863,0.8284817651802617,1567457514352
3483,3483,462,Gyroscope,-0.2634132070320717,-0.8881483596181188,0.8330192068872868,1567457514353
3485,3485,462,Gyroscope,-0.29170443307854016,-0.8299930154179143,0.8369243931726129,1567457514355
3487,3487,462,Gyroscope,-0.32410374428904165,-0.759910227554309,0.8405080418333366,1567457514357
3489,3489,462,Gyroscope,-0.35596136949681606,-0.6884047598974079,0.8439543305217843,1567457514359
3492,3492,462,Gyroscope,-0.38547163542631946,-0.6205846696836703,0.8469654122968328,1567457514362
3494,3494,462,Gyroscope,-0.41671556765772655,-0.5507008400023393,0.8495073237612404,1567457514364
3496,3496,462,Gyroscope,-0.45048352365949035,-0.4806729412460866,0.8523243646771324,1567457514365
3498,3498,462,Gyroscope,-0.4822777434820056,-0.4206559112864739,0.8559805578555231,1567457514367
3500,3500,462,Gyroscope,-0.5124618923032924,-0.3669368549379872,0.8590884982454343,1567457514369
3502,3502,462,Gyroscope,-0.5481678464053046,-0.3018516789808941,0.8593264159245453,1567457514371
3504,3504,462,Gyroscope,-0.5913497583606552,-0.22302304810285895,0.857405199642931,1567457514374
3506,3506,462,Gyroscope,-0.6340245258410329,-0.1513029887464931,0.8568446006086472,1567457514376
3508,3508,462,Gyroscope,-0.6706126409443515,-0.09548503294258631,0.8576376458332032,1567457514377
3510,3510,462,Gyroscope,-0.7081606881663061,-0.03304027051806367,0.8549840870277735,1567457514379
3512,3512,462,Gyroscope,-0.7547611328175861,0.043238494828388735,0.847937599729589,1567457514381
3514,3514,462,Gyroscope,-0.7906625343229925,0.07744707346434024,0.8401079262512401,1567457514383
3515,3515,462,Gyroscope,-0.7582435986868357,-0.0025122646397134785,0.8220745889939834,1567457514385
3517,3517,462,Gyroscope,-0.6147534615543006,-0.18477540774813428,0.7677496631784081,1567457514388
3520,3520,462,Gyroscope,-0.40832895395686597,-0.3543603402942499,0.6698739157180653,1567457514389
3522,3522,462,Gyroscope,-0.25680736327668097,-0.38295363991503584,0.5651716768114639,1567457514391
3524,3524,462,Gyroscope,-0.22653689875741248,-0.23287698688252992,0.49783899045689206,1567457514393
3526,3526,462,Gyroscope,-0.2728389946965981,0.011470657077283584,0.47077836219625346,1567457514395
3528,3528,462,Gyroscope,-0.31147617174853437,0.21609357857450817,0.4532117779776951,1567457514398
3529,3529,462,Gyroscope,-0.30157260667437846,0.3158624814185721,0.41993977143497474,1567457514400
3531,3531,462,Gyroscope,-0.2495785468763288,0.3447935410750993,0.36768855073351175,1567457514401
3533,3533,462,Gyroscope,-0.17630332945547605,0.3548708692210447,0.30657165727574254,1567457514403
3535,3535,462,Gyroscope,-0.09837431509488903,0.35958329015464174,0.24590989556347903,1567457514405
3537,3537,462,Gyroscope,-0.02291551720024599,0.363678675237183,0.18425372724935232,1567457514407
3539,3539,462,Gyroscope,0.05054899904370008,0.38808070421239926,0.11368339715619086,1567457514410
3541,3541,462,Gyroscope,0.12226581611607956,0.44144931417541633,0.034523692962115986,1567457514412
3543,3543,462,Gyroscope,0.1927445064832458,0.5028153300447981,-0.04462344645659994,1567457514413
3545,3545,462,Gyroscope,0.27084090446046255,0.5508748209981233,-0.12277663557347084,1567457514415
3547,3547,462,Gyroscope,0.3662289527849339,0.588563895126228,-0.20477125670724147,1567457514417
3549,3549,462,Gyroscope,0.4730787352324304,0.6288410509738468,-0.28273362441588007,1567457514419
3551,3551,462,Gyroscope,0.5777167434796429,0.6768697386986773,-0.3417655930253975,1567457514422
3553,3553,462,Gyroscope,0.6809390306359224,0.7362310581870108,-0.38411087211109884,1567457514423
3555,3555,462,Gyroscope,0.7947074826459168,0.8143043830838602,-0.42651047842784595,1567457514425
3558,3558,462,Gyroscope,0.9170474210834918,0.9095952029200802,-0.475519664687776,1567457514427
3560,3560,462,Gyroscope,1.0301468357993078,1.0084371143317385,-0.523256043171947,1567457514429
3562,3562,462,Gyroscope,1.1260875132120338,1.1015812994888672,-0.5640572356350793,1567457514431
3564,3564,462,Gyroscope,1.2128970243355328,1.1875892581133236,-0.5986510184746773,1567457514434
3566,3566,462,Gyroscope,1.2941168447770275,1.2607523889473198,-0.6241172445974085,1567457514435
3568,3568,462,Gyroscope,1.3650160578853927,1.3159501988690903,-0.6348003106175831,1567457514437
3569,3569,462,Gyroscope,1.4254465021499494,1.3586609789337614,-0.6327630961747028,1567457514439
3571,3571,462,Gyroscope,1.4780577951940836,1.3945154544796723,-0.6265862385093894,1567457514441
3573,3573,462,Gyroscope,1.5214231714332485,1.4221504397884293,-0.6209718057275493,1567457514443
3575,3575,462,Gyroscope,1.5554778121359971,1.4448161840346416,-0.6147817472512428,1567457514446
3577,3577,462,Gyroscope,1.5848199545100865,1.4722011331896685,-0.6068061087721753,1567457514448
3579,3579,462,Gyroscope,1.6107169538836943,1.5050280736129584,-0.5972017532702,1567457514449
3581,3581,462,Gyroscope,1.6253756256110081,1.530592536939479,-0.584862521710385,1567457514451
3584,3584,462,Gyroscope,1.6185046041732218,1.5364049761163665,-0.5682578382590121,1567457514453
3586,3586,462,Gyroscope,1.5894666612204607,1.5206218141293149,-0.5484712539165154,1567457514455
3588,3588,462,Gyroscope,1.5499612113879633,1.4892334524612332,-0.5286345425864822,1567457514458
3589,3589,462,Gyroscope,1.509358210426779,1.4464086024899567,-0.5106926592242427,1567457514460
3591,3591,462,Gyroscope,1.45793781258896,1.3857418356608862,-0.4936365264693014,1567457514461
3593,3593,462,Gyroscope,1.3769175556553734,1.295930621125463,-0.4745361033962978,1567457514463
3595,3595,462,Gyroscope,1.2651070076340383,1.178382982859108,-0.4522389536425234,1567457514465
3598,3598,462,Gyroscope,1.1296583468758479,1.0410592557080265,-0.4297438733432236,1567457514467
3600,3600,462,Gyroscope,0.9528587921568452,0.8739966384389302,-0.4108700799822121,1567457514470
3602,3602,462,Gyroscope,0.7142947677028169,0.6665609895206284,-0.39697643174357417,1567457514472
3604,3604,462,Gyroscope,0.4434277546007821,0.4462226581683011,-0.3889626949571726,1567457514473
3606,3606,462,Gyroscope,0.19355277251104014,0.25260012222951334,-0.3862465096382476,1567457514475
3608,3608,462,Gyroscope,-0.032062142010147676,0.07733313464797698,-0.38023622837082033,1567457514477
3610,3610,462,Gyroscope,-0.27139193084556024,-0.12136799501454791,-0.35760041681408883,1567457514479
3611,3611,462,Gyroscope,-0.5283613886012145,-0.348056652855788,-0.3164399940809959,1567457514482
3613,3613,462,Gyroscope,-0.7653814984378957,-0.5619169935639479,-0.2710914073172743,1567457514484
3616,3616,462,Gyroscope,-0.9668360950786627,-0.7377502534569542,-0.23526728331877111,1567457514485
3618,3618,462,Gyroscope,-1.1499610331100412,-0.884609852298984,-0.21072052185465706,1567457514487
3620,3620,462,Gyroscope,-1.3190248257863901,-1.0041152912807856,-0.19731921420735415,1567457514489
3622,3622,462,Gyroscope,-1.463255586663575,-1.080794908692364,-0.2003840214329231,1567457514491
3624,3624,462,Gyroscope,-1.5836821474299103,-1.1131678353668288,-0.2206386191607236,1567457514494
3626,3626,462,Gyroscope,-1.6829627906369384,-1.1166970718435891,-0.24881128161760357,1567457514496
3628,3628,462,Gyroscope,-1.7540527005588953,-1.1005516834092346,-0.27750745547762373,1567457514497
3629,3629,462,Gyroscope,-1.7978133508732737,-1.0620622768905337,-0.30907799805993363,1567457514499
3632,3632,462,Gyroscope,-1.8263462865891062,-0.9994436949832799,-0.34566038458119147,1567457514501
3634,3634,462,Gyroscope,-1.8453374094898183,-0.9221150417980308,-0.38105272908096666,1567457514503
3636,3636,462,Gyroscope,-1.8513095486944233,-0.8453482930084649,-0.4108690907247418,1567457514506
3638,3638,462,Gyroscope,-1.8432295124764908,-0.7745506607482366,-0.4418650998853044,1567457514507
3639,3639,462,Gyroscope,-1.8264294128711196,-0.7062646435852429,-0.4803077281694971,1567457514509
3642,3642,462,Gyroscope,-1.80751511046791,-0.6450671458818145,-0.5190842315490348,1567457514511
3644,3644,462,Gyroscope,-1.7893769681731067,-0.5994529897260388,-0.5474271732067166,1567457514513
3646,3646,462,Gyroscope,-1.7710433489377655,-0.5601804271351252,-0.565473042748814,1567457514515
3648,3648,462,Gyroscope,-1.7521493421349499,-0.5064107032309825,-0.5795481775312816,1567457514518
3650,3650,462,Gyroscope,-1.7350976697013778,-0.4369363328919064,-0.590094935914985,1567457514520
3652,3652,462,Gyroscope,-1.7208741417001179,-0.3730643032057338,-0.5923655153301115,1567457514521
3654,3654,462,Gyroscope,-1.7075933570596393,-0.3272509442555359,-0.5860390539102062,1567457514523
3655,3655,462,Gyroscope,-1.6959961938808195,-0.29476383808777873,-0.5780739034169655,1567457514525
3657,3657,462,Gyroscope,-1.6888934028164386,-0.28213531227144983,-0.5729528557025163,1567457514527
3659,3659,462,Gyroscope,-1.6822246247278854,-0.3133448211694119,-0.5628570973431983,1567457514530
3661,3661,462,Gyroscope,-1.6658792354272047,-0.3950097529816243,-0.5347985148108022,1567457514532
3664,3664,462,Gyroscope,-1.6364307813235914,-0.49982450534203027,-0.4873933635372183,1567457514533
3666,3666,462,Gyroscope,-1.6012658497940944,-0.5934737193110993,-0.432600082226843,1567457514535
3668,3668,462,Gyroscope,-1.5683356404151412,-0.6573068337425297,-0.3812180549743611,1567457514537
3670,3670,462,Gyroscope,-1.538255489671938,-0.6839768832838379,-0.3352053609578446,1567457514539
3672,3672,462,Gyroscope,-1.507858441876337,-0.6732782376204582,-0.2939636326786841,1567457514542
3674,3674,462,Gyroscope,-1.4743408835144995,-0.6329587546514447,-0.2583315358669503,1567457514544
3675,3675,462,Gyroscope,-1.4327799068755658,-0.5713576049975332,-0.22623614618890078,1567457514546
3677,3677,462,Gyroscope,-1.377785807816484,-0.4942918807353815,-0.19326951122485247,1567457514547
3680,3680,462,Gyroscope,-1.3117419170473332,-0.4109841102583813,-0.15993587088520178,1567457514549
3682,3682,462,Gyroscope,-1.2424071564028685,-0.32825077893100474,-0.13057362591046115,1567457514551
3684,3684,462,Gyroscope,-1.168989115159222,-0.23621458919725147,-0.10406308639687749,1567457514554
3686,3686,462,Gyroscope,-1.08241216067395,-0.11719864834712418,-0.07344382036624908,1567457514556
3688,3688,462,Gyroscope,-0.9837184782232884,0.026521966443186627,-0.03660117144011907,1567457514557
3690,3690,462,Gyroscope,-0.8855370344688114,0.17446438093995914,0.00030862037465778647,1567457514559
3692,3692,462,Gyroscope,-0.7893864753327954,0.3202702156718505,0.03329841325081942,1567457514561
3694,3694,462,Gyroscope,-0.6842280187946232,0.47279023562609546,0.06585078054077409,1567457514563
3696,3696,462,Gyroscope,-0.5728130685633204,0.6248651689207578,0.09974789005760343,1567457514566
3698,3698,462,Gyroscope,-0.4723771627487885,0.756125290104702,0.13062664295597673,1567457514568
3700,3700,462,Gyroscope,-0.3856638096873193,0.8645256216571715,0.1572116698631553,1567457514569
3702,3702,462,Gyroscope,-0.2980195812182564,0.9642065877350946,0.1851031406479028,1567457514571
3704,3704,462,Gyroscope,-0.20622199947662845,1.0570355213944813,0.21735061658222635,1567457514573
3706,3706,462,Gyroscope,-0.1261507165008863,1.1321043374327568,0.25040183937751115,1567457514575
3708,3708,462,Gyroscope,-0.06714397339607892,1.1906694195992653,0.28190699733575825,1567457514578
3710,3710,462,Gyroscope,-0.019364024417596153,1.249560216595246,0.313285911002618,1567457514580
3712,3712,462,Gyroscope,0.02847649363744286,1.319543890013477,0.34376510672051963,1567457514581
3714,3714,462,Gyroscope,0.07562123036530514,1.3966503761736007,0.37020667240077443,1567457514583
3716,3716,462,Gyroscope,0.11563642368600249,1.4717060384587626,0.39166846325748383,1567457514585
3718,3718,462,Gyroscope,0.1446809292818469,1.5358684267611507,0.4088906461674694,1567457514587
3720,3720,462,Gyroscope,0.16410921874698603,1.5816441624400637,0.4221493080132869,1567457514590
3722,3722,462,Gyroscope,0.179911515255673,1.6062279409378635,0.43162779231272086,1567457514592
3724,3724,462,Gyroscope,0.19733855387647073,1.6128667174246414,0.4376408497768423,1567457514593
3726,3726,462,Gyroscope,0.21619309265585146,1.6085767536982043,0.44091491752162837,1567457514595
3728,3728,462,Gyroscope,0.23437910041552584,1.5991056696081336,0.4428452997928377,1567457514597
3730,3730,462,Gyroscope,0.25309155830513386,1.584367831527293,0.4439178014184949,1567457514600
3732,3732,462,Gyroscope,0.2737862264563423,1.562010698488844,0.4433691728996667,1567457514602
3733,3733,462,Gyroscope,0.2931667138380478,1.5345763927995146,0.441660544775823,1567457514604
3736,3736,462,Gyroscope,0.3076503417931225,1.5062269902264016,0.4406806472984963,1567457514605
3738,3738,462,Gyroscope,0.32058043632327327,1.4738774999284998,0.4410205264546752,1567457514607
3740,3740,462,Gyroscope,0.33773980291478245,1.4309349012452899,0.44224231739969144,1567457514609
3742,3742,462,Gyroscope,0.3573791993092869,1.3784387069074575,0.445549513495906,1567457514612
3744,3744,462,Gyroscope,0.3720390077936426,1.3211772461307607,0.45228186356841554,1567457514614
3746,3746,462,Gyroscope,0.3788569422345609,1.2561739545481592,0.44193436926285434,1567457514616
3748,3748,462,Gyroscope,0.3813271505273712,1.1780764728503963,0.44193436926285434,1567457514617
3750,3750,462,Gyroscope,0.38184843291911175,1.0876151682120565,0.44193436926285434,1567457514619
3752,3752,462,Gyroscope,0.37833766563624205,0.984269859600619,0.4492644564974583,1567457514621
3754,3754,462,Gyroscope,0.369203574783164,0.8678159979348492,0.44193436926285434,1567457514623
3756,3756,462,Gyroscope,0.35792587177454305,0.752672565398195,0.4369241782146307,1567457514626
3758,3758,462,Gyroscope,0.3486472073420423,0.6568263271183095,0.43356000926725813,1567457514628
3760,3760,462,Gyroscope,0.33827344834599543,0.5749580119663751,0.4316983659075002,1567457514629
3762,3762,462,Gyroscope,0.31970372454019863,0.48646374377219825,0.4316534680037314,1567457514631
3764,3764,462,Gyroscope,0.29326294873734826,0.3887292498153492,0.43321689056607954,1567457514633
3766,3766,462,Gyroscope,0.26565609789814487,0.2979200843503125,0.43605796405756186,1567457514636
3768,3768,462,Gyroscope,0.23736315271005914,0.21732566062110703,0.4401635120158841,1567457514638
3770,3770,462,Gyroscope,0.2027633025620758,0.13292178250136938,0.4451369416985804,1567457514639
3772,3772,462,Gyroscope,0.1625376330491929,0.042923685332179475,0.4498144248210094,1567457514641
3774,3774,462,Gyroscope,0.12324135885407389,-0.038365778454169205,0.45330846067492303,1567457514643
3776,3776,462,Gyroscope,0.08468356690403521,-0.11066675272129867,0.45648379103969416,1567457514645
3778,3778,462,Gyroscope,0.03993849886541618,-0.19214661958547918,0.4618052638369886,1567457514648
3780,3780,462,Gyroscope,-0.011041776309940726,-0.2875488773542131,0.47076019857202034,1567457514650
3782,3782,462,Gyroscope,-0.05927701021814222,-0.3796853225948227,0.4819413261299773,1567457514651
3784,3784,462,Gyroscope,-0.10028733489091177,-0.4592053995426366,0.49312115505274157,1567457514653
3786,3786,462,Gyroscope,-0.13773036109488154,-0.5347443972494389,0.504073668895777,1567457514655
3787,3787,462,Gyroscope,-0.17187267995453223,-0.6087000035596135,0.5152125208773075,1567457514657
3789,3789,462,Gyroscope,-0.19837838171147,-0.6712897733217348,0.5252129292948624,1567457514660
3791,3791,462,Gyroscope,-0.21959052227267692,-0.7216731004285895,0.5328135408723387,1567457514662
3794,3794,462,Gyroscope,-0.2432073032172855,-0.7711370535670008,0.5391268755736107,1567457514663
3796,3796,462,Gyroscope,-0.2701533924598346,-0.8240315127241755,0.5452556266186244,1567457514665
3798,3798,462,Gyroscope,-0.2956874889733428,-0.8736178829135266,0.5494881633711414,1567457514667
3800,3800,462,Gyroscope,-0.3197615176122026,-0.9173754326948085,0.5496242573044596,1567457514669
3802,3802,462,Gyroscope,-0.3454983472383223,-0.9612675770609976,0.5461371694004664,1567457514672
3804,3804,462,Gyroscope,-0.37142257946524704,-1.0081819566823795,0.5404550379246269,1567457514674
3806,3806,462,Gyroscope,-0.3939169650080233,-1.054479099033087,0.5324700264554445,1567457514675
3808,3808,462,Gyroscope,-0.4127251053075298,-1.0965177965719757,0.5224184977167283,1567457514677
3810,3810,462,Gyroscope,-0.42865896804542847,-1.1324167803999345,0.5127686697780263,1567457514679
3812,3812,462,Gyroscope,-0.4405966804519912,-1.1624745061476145,0.5061170980856301,1567457514681
3814,3814,462,Gyroscope,-0.44735106888708465,-1.1925220920562687,0.5033918844673246,1567457514684
3816,3816,462,Gyroscope,-0.4496272047424701,-1.2298402108385094,0.5044234277697315,1567457514686
3818,3818,462,Gyroscope,-0.4493807571999544,-1.2734785915727458,0.5079720857773684,1567457514687
3820,3820,462,Gyroscope,-0.4475534362731147,-1.3172333811528412,0.5123493139882043,1567457514689
3822,3822,462,Gyroscope,-0.44276036927822504,-1.362722491486503,0.5176675065747763,1567457514691
3824,3824,462,Gyroscope,-0.4337855594266694,-1.4169393305090119,0.5252085118066127,1567457514693
3826,3826,462,Gyroscope,-0.42159703995039066,-1.4760050234799893,0.5343533411904862,1567457514696
3828,3828,462,Gyroscope,-0.40464510015492,-1.5245055560308507,0.5447508634456459,1567457514698
3830,3830,462,Gyroscope,-0.3745252892041791,-1.5502446842753352,0.5621775645588978,1567457514699
3832,3832,462,Gyroscope,-0.32401133407350907,-1.550913408056842,0.5945987403655104,1567457514701
3834,3834,462,Gyroscope,-0.25902186670000743,-1.5323508761912414,0.6387707178584888,1567457514703
3836,3836,462,Gyroscope,-0.19337050264571942,-1.506716025533728,0.6796031211216569,1567457514706
3838,3838,462,Gyroscope,-0.1327310524623668,-1.4854586466819713,0.7073722518393504,1567457514708
3840,3840,462,Gyroscope,-0.07498130184525137,-1.4707219958026614,0.7260984433124489,1567457514710
3842,3842,462,Gyroscope,-0.021008393542261205,-1.458300863522863,0.7429804309862003,1567457514711
3844,3844,462,Gyroscope,0.02844696892661189,-1.4470934157179616,0.7605035241459296,1567457514713
3846,3846,462,Gyroscope,0.0781324893994284,-1.4393657996238476,0.7793724389883914,1567457514715
3848,3848,462,Gyroscope,0.12958202979842354,-1.434540533609122,0.8003074935700907,1567457514717
3850,3850,462,Gyroscope,0.17803501368319571,-1.4306805661261235,0.8232689600229115,1567457514720
3852,3852,462,Gyroscope,0.22368708717211816,-1.4310190097370517,0.8484097691140766,1567457514722
3854,3854,462,Gyroscope,0.27357904757270457,-1.4403394415691197,0.8752136672898575,1567457514724
3856,3856,462,Gyroscope,0.3293327162569525,-1.4563194868053517,0.9003718366189986,1567457514725
3858,3858,462,Gyroscope,0.3845603788349533,-1.4773999640510718,0.920075037549999,1567457514727
3860,3860,462,Gyroscope,0.4356351051861855,-1.515781236595861,0.9338276937132062,1567457514729
3862,3862,462,Gyroscope,0.4852008141640165,-1.5804014792961874,0.9444157052362236,1567457514732
3864,3864,462,Gyroscope,0.5365173901788556,-1.6495160826025628,0.9566165052900897,1567457514734
3866,3866,462,Gyroscope,0.5903620326125663,-1.6905311591631524,0.9735886104216207,1567457514736
3868,3868,462,Gyroscope,0.6412067778914491,-1.7089864980363296,0.9873013346487918,1567457514737
3870,3870,462,Gyroscope,0.6750550329131917,-1.7456069547427382,0.9770232661914131,1567457514739
3872,3872,462,Gyroscope,0.6777563221198568,-1.8261603603771834,0.9252889533329485,1567457514741
3874,3874,462,Gyroscope,0.6381191352118277,-1.9579402479019026,0.8275098610306759,1567457514743
3876,3876,462,Gyroscope,0.5414813591369431,-2.168804116444166,0.6862924116388398,1567457514746
3878,3878,462,Gyroscope,0.38224434836536353,-2.4838801181878916,0.5170692403319003,1567457514748
3880,3880,462,Gyroscope,0.18517661391043685,-2.8633501769078915,0.3548646361839495,1567457514750
3882,3882,462,Gyroscope,-0.008934060235449136,-3.220117265184438,0.22817404222513232,1567457514751
3884,3884,462,Gyroscope,-0.17845199950749077,-3.4894539040688404,0.1316632272605174,1567457514753
3886,3886,462,Gyroscope,-0.32503562801065916,-3.6488307211712057,0.04475259515555634,1567457514755
3888,3888,462,Gyroscope,-0.44827917562862174,-3.6921258318568766,-0.036361655097696725,1567457514758
3890,3890,462,Gyroscope,-0.5341761602848094,-3.6052184270177206,-0.1042080638284671,1567457514760
3892,3892,462,Gyroscope,-0.5731147999552257,-3.376329567987664,-0.16270324762726537,1567457514761
3894,3894,462,Gyroscope,-0.5757716376413647,-3.037467441841525,-0.22313333344867875,1567457514763
3896,3896,462,Gyroscope,-0.5588996435585224,-2.6471988883650273,-0.287808097500204,1567457514765
3898,3898,462,Gyroscope,-0.5255576745629119,-2.2138394310464817,-0.3543158946028623,1567457514767
3900,3900,462,Gyroscope,-0.4740081345419343,-1.7167545810798228,-0.42301392076133815,1567457514770
3902,3902,462,Gyroscope,-0.4160148985149531,-1.2045170587005902,-0.4889393973129185,1567457514772
3904,3904,462,Gyroscope,-0.36944443844597535,-0.7631954292483644,-0.5420399833684053,1567457514774
3906,3906,462,Gyroscope,-0.3382280200554123,-0.39742942413746885,-0.5811490021981287,1567457514775
3908,3908,462,Gyroscope,-0.31267296211056383,-0.04561487368119735,-0.6141421945909227,1567457514777
3910,3910,462,Gyroscope,-0.28679545694494346,0.3049601900173851,-0.6441196812450404,1567457514779
3912,3912,462,Gyroscope,-0.26596115711008617,0.6073310752587882,-0.6662547702754593,1567457514782
3914,3914,462,Gyroscope,-0.2576215460724527,0.8444336992142772,-0.6777071715079451,1567457514784
3916,3916,462,Gyroscope,-0.26134944428160634,1.0475635257689913,-0.6826042896033739,1567457514786
3918,3918,462,Gyroscope,-0.27062881872565947,1.2299665589040636,-0.6857523885210953,1567457514787
3920,3920,462,Gyroscope,-0.28081881111966994,1.3739051812198393,-0.6866573627615282,1567457514789
3922,3922,462,Gyroscope,-0.2924031792698919,1.4810141370546,-0.6821427549738902,1567457514791
3924,3924,462,Gyroscope,-0.30737043088443244,1.5779826720697865,-0.6718097662268868,1567457514794
3926,3926,462,Gyroscope,-0.32414274916881425,1.677351773216668,-0.6591823961526574,1567457514796
3928,3928,462,Gyroscope,-0.3379080233592862,1.7740036576902591,-0.6490988625669973,1567457514798
3930,3930,462,Gyroscope,-0.3465508645137092,1.8713529608367383,-0.6446815858050634,1567457514800
3932,3932,462,Gyroscope,-0.3523966588979802,1.979469804267794,-0.6460025437266745,1567457514801
3934,3934,462,Gyroscope,-0.3557185859611558,2.0997200353383554,-0.6784383835537616,1567457514803
3936,3936,462,Gyroscope,-0.35161967497629554,2.233028603637101,-0.6587789207992277,1567457514805
3938,3938,462,Gyroscope,-0.3368097610893253,2.3824674205366922,-0.6668692081810683,1567457514808
3940,3940,462,Gyroscope,-0.31496211037057714,2.535495598183003,-0.6736601554532328,1567457514810
3942,3942,462,Gyroscope,-0.29234678522792695,2.6729042848181477,-0.6784383835537616,1567457514812
3944,3944,462,Gyroscope,-0.2712794174814456,2.801442493786939,-0.6823875069231198,1567457514813
3946,3946,462,Gyroscope,-0.2501074379172607,2.9468617776637602,-0.686674934540718,1567457514815
3948,3948,462,Gyroscope,-0.2278058847586658,3.112056505843877,-0.6910010365399791,1567457514817
3950,3950,462,Gyroscope,-0.20550883321230712,3.2729930423741065,-0.6939309527588937,1567457514820
3952,3952,462,Gyroscope,-0.18384186605777803,3.416936111756571,-0.6932252390556108,1567457514822
3954,3954,462,Gyroscope,-0.16319104978446583,3.550310873445381,-0.6871137626130391,1567457514824
3956,3956,462,Gyroscope,-0.14654196646107853,3.669822742341663,-0.6765487143396949,1567457514826
3958,3958,462,Gyroscope,-0.13640224738050644,3.7641570938529996,-0.6639368802914357,1567457514827
3960,3960,462,Gyroscope,-0.12937274739228136,3.8430853367123703,-0.6486600575241209,1567457514829
3962,3962,462,Gyroscope,-0.11924154867409267,3.9302189122668363,-0.6277208753890177,1567457514831
3964,3964,462,Gyroscope,-0.10447122781907725,4.027372864584219,-0.6023826047880426,1567457514834
3966,3966,462,Gyroscope,-0.08758633589767467,4.110692511006229,-0.5783110717371917,1567457514836
3968,3968,462,Gyroscope,-0.0685408160277722,4.1598732655201225,-0.5568189332553277,1567457514838
3970,3970,462,Gyroscope,-0.045420375806873484,4.174095325122156,-0.5336520519125534,1567457514839
3972,3972,462,Gyroscope,-0.021607312462904316,4.163134831658628,-0.5082156588009104,1567457514841
3974,3974,462,Gyroscope,-0.004078859519774908,4.133810667891209,-0.4850023079552458,1567457514843
3976,3976,462,Gyroscope,0.006474919729176878,4.080759347224828,-0.4653007918025968,1567457514845
3978,3978,462,Gyroscope,0.016247815091113765,3.99233190178332,-0.4463168657229022,1567457514848
3980,3980,462,Gyroscope,0.029342360979515023,3.873765219805521,-0.42835447316037933,1567457514850
3982,3982,462,Gyroscope,0.04553809791377589,3.748854624437372,-0.41546522933309227,1567457514852
3984,3984,462,Gyroscope,0.06520073366116742,3.6307082040339194,-0.4092551514011363,1567457514853
3986,3986,462,Gyroscope,0.08993708085895616,3.5160955328014687,-0.40798245287196966,1567457514855
3988,3988,462,Gyroscope,0.12150683874605675,3.4060242037318806,-0.41169105345893786,1567457514857
3990,3990,462,Gyroscope,0.1630947317557618,3.301931201335117,-0.4230624539384514,1567457514860
3992,3992,462,Gyroscope,0.215060922550947,3.1956957548369447,-0.442103201863251,1567457514862
3994,3994,462,Gyroscope,0.26941738814176486,3.0860392507120165,-0.464011067963771,1567457514864
3996,3996,462,Gyroscope,0.31725619149931394,2.981565795029657,-0.48520716258970953,1567457514865
3998,3998,462,Gyroscope,0.3594647645219108,2.876949212440927,-0.5091272478805258,1567457514867
4000,4000,462,Gyroscope,0.4017314478586269,2.7555497769248993,-0.54140440688878,1567457514869
4002,4002,462,Gyroscope,0.4435044419735217,2.6230352631078317,-0.5807018620919951,1567457514872
4004,4004,462,Gyroscope,0.48182770051817464,2.5096611107369426,-0.6209655241626593,1567457514873
4006,4006,462,Gyroscope,0.5219117176909001,2.4322239515699318,-0.661485759755768,1567457514875
4008,4008,462,Gyroscope,0.5713112372543345,2.38099432401407,-0.7059688155830817,1567457514878
4010,4010,462,Gyroscope,0.6256141948002267,2.3465276690781547,-0.7529592039058897,1567457514879
4012,4012,462,Gyroscope,0.6727679872265373,2.3292879136883435,-0.797290486421637,1567457514881
4014,4014,462,Gyroscope,0.7102997789081724,2.3233304495954403,-0.8406074408148855,1567457514884
4016,4016,462,Gyroscope,0.7466813661695522,2.3175168775571997,-0.8901718852525036,1567457514886
4018,4018,462,Gyroscope,0.7870660970320833,2.309250068748104,-0.9457430093295704,1567457514887
4020,4020,462,Gyroscope,0.8291849628196167,2.3000557666310817,-0.9979685459503109,1567457514889
4022,4022,462,Gyroscope,0.8738148565619498,2.2916638795302107,-1.0425226495812943,1567457514892
4024,4024,462,Gyroscope,0.9274879476443524,2.2982908905912924,-1.0841395581442483,1567457514893
4026,4026,462,Gyroscope,0.9913150292424442,2.331504417691005,-1.1236308861455058,1567457514895
4028,4028,462,Gyroscope,1.056674114228994,2.3537293923132463,-1.1525914918382258,1567457514898
4030,4030,462,Gyroscope,1.1160897059591557,2.292573765913954,-1.1629541126379699,1567457514899
4032,4032,462,Gyroscope,1.173632437454328,2.1276942227693585,-1.1537940209371684,1567457514901
4034,4034,462,Gyroscope,1.2465065765905692,1.895310822656351,-1.1280905495937104,1567457514904
4036,4036,462,Gyroscope,1.3607093845740268,1.5727011895741216,-1.0857042333075266,1567457514906
4038,4038,462,Gyroscope,1.5310104432722746,1.0727800216455556,-1.023377942571763,1567457514907
4039,4039,462,Gyroscope,1.7306749274379332,0.42359029681501964,-0.9461682404482554,1567457514909
4042,4042,462,Gyroscope,1.9008660825873034,-0.18541947777742093,-0.8707133298857994,1567457514912
4044,4044,462,Gyroscope,2.007489725517203,-0.620737840211384,-0.808766956727737,1567457514914
4045,4045,462,Gyroscope,2.064192146933027,-0.9266206872970602,-0.759181250280394,1567457514916
4047,4047,462,Gyroscope,2.091025545704048,-1.1819871168390579,-0.7210902337018522,1567457514917
4050,4050,462,Gyroscope,2.084507942594697,-1.3926781916105135,-0.6989516599873098,1567457514920
4052,4052,462,Gyroscope,2.035414321914827,-1.5552736601785289,-0.6922291017947442,1567457514922
4054,4054,462,Gyroscope,1.9512492212996508,-1.6953246638406616,-0.693744104533323,1567457514923
4055,4055,462,Gyroscope,1.8572321155384168,-1.818160572968429,-0.6977734393418351,1567457514925
4058,4058,462,Gyroscope,1.7787481281382016,-1.8983496834881384,-0.7012159576355292,1567457514928
4060,4060,462,Gyroscope,1.7191713504489514,-1.926799741161453,-0.6995383511491563,1567457514930
4062,4062,462,Gyroscope,1.664407991142846,-1.9260227746227374,-0.6891381822664786,1567457514931
4064,4064,462,Gyroscope,1.6102450706545404,-1.917949975995727,-0.6730321876259525,1567457514933
4066,4066,462,Gyroscope,1.565222800571318,-1.9043547466332549,-0.6570402537430156,1567457514936
4068,4068,462,Gyroscope,1.5285789669687881,-1.87865451484062,-0.639150002141982,1567457514938
4069,4069,462,Gyroscope,1.4895431390357659,-1.8391114978427334,-0.610337737486318,1567457514940
4071,4071,462,Gyroscope,1.4477514175786292,-1.788698110658875,-0.5663197529733038,1567457514941
4074,4074,462,Gyroscope,1.413973154632298,-1.7270617731911002,-0.5078151776253407,1567457514944
4076,4076,462,Gyroscope,1.391098617115769,-1.6471285061785936,-0.43259991383189106,1567457514946
4077,4077,462,Gyroscope,1.3707586335985045,-1.5457670492289075,-0.34370684165380966,1567457514947
4079,4079,462,Gyroscope,1.346937564073952,-1.4288781454409984,-0.25846721451319976,1567457514950
4082,4082,462,Gyroscope,1.319833575333375,-1.2982194806269938,-0.19179031820412581,1567457514952
4084,4084,462,Gyroscope,1.2910008716218826,-1.1527939037649264,-0.1411329750026714,1567457514953
4086,4086,462,Gyroscope,1.2641214375775798,-1.0084415310498953,-0.09922833361805641,1567457514955
4088,4088,462,Gyroscope,1.2436438027200223,-0.8884202810199309,-0.06560858533455717,1567457514958
4089,4089,462,Gyroscope,1.2289942748045655,-0.7922925829193472,-0.03821495958536083,1567457514960
4092,4092,462,Gyroscope,1.2186727397687769,-0.7007893777820312,-0.008685891312363015,1567457514961
4094,4094,462,Gyroscope,1.216969556609514,-0.6103094686920157,0.027601565818628222,1567457514964
4095,4095,462,Gyroscope,1.2245761011754157,-0.5377927612946412,0.06590272472090637,1567457514966
4098,4098,462,Gyroscope,1.2283650045512673,-0.49080140819895046,0.10060496279436143,1567457514968
4099,4099,462,Gyroscope,1.2147573544287518,-0.4557532876131968,0.13172483388724332,1567457514969
4102,4102,462,Gyroscope,1.1876300448870953,-0.4199723994681258,0.15961259381197782,1567457514972
4104,4104,462,Gyroscope,1.1589917399353715,-0.38566241146939917,0.1813603394889655,1567457514974
4106,4106,462,Gyroscope,1.1275303657355404,-0.35758764626354245,0.1958496084317128,1567457514976
4107,4107,462,Gyroscope,1.0821501996660485,-0.3329992580197215,0.20584444447032685,1567457514978
4110,4110,462,Gyroscope,1.023489506488772,-0.3082184291688703,0.21297733796845175,1567457514980
4112,4112,462,Gyroscope,0.9626937244089364,-0.2852704234185244,0.2159573148334473,1567457514982
4114,4114,462,Gyroscope,0.8993611867168593,-0.2686238067264836,0.21559630572228136,1567457514983
4116,4116,462,Gyroscope,0.8236267263847252,-0.2597237551805326,0.21651389929568982,1567457514985
4118,4118,462,Gyroscope,0.7394665926902336,-0.2561677344545735,0.22132195948116012,1567457514988
4120,4120,462,Gyroscope,0.6602482542256536,-0.25491040724914626,0.22673817025473159,1567457514990
4122,4122,462,Gyroscope,0.5829755936923469,-0.2564523783008322,0.22581147807558596,1567457514991
4124,4124,462,Gyroscope,0.4923571934525279,-0.2651093117347771,0.21219872778094512,1567457514993
4126,4126,462,Gyroscope,0.3871557394606267,-0.28329891771935284,0.18639723848406023,1567457514996
4128,4128,462,Gyroscope,0.2777338784291681,-0.30764751966380754,0.1588732290507221,1567457514998
4130,4130,462,Gyroscope,0.16430827749762356,-0.33295603385624606,0.14036863533646024,1567457514999
4132,4132,462,Gyroscope,0.04389483142872471,-0.3581043643483207,0.12992086246973616,1567457515001
4134,4134,462,Gyroscope,-0.07490648762769367,-0.3898552299101803,0.12043108942916611,1567457515004
4136,4136,462,Gyroscope,-0.1889011765055895,-0.4428172276469521,0.11239601758064575,1567457515006
4138,4138,462,Gyroscope,-0.3084808248751133,-0.5270356550821587,0.11189256420028718,1567457515008
4140,4140,462,Gyroscope,-0.43122626714336065,-0.6334033663025851,0.11867828050195514,1567457515009
4142,4142,462,Gyroscope,-0.5386217222459653,-0.7473889839949508,0.1273483404917909,1567457515012
4144,4144,462,Gyroscope,-0.628987835448024,-0.8793880896329047,0.13857974600200385,1567457515014
4146,4146,462,Gyroscope,-0.7219235162901808,-1.0545729013426264,0.15854509898940305,1567457515016
4148,4148,462,Gyroscope,-0.8240615846526462,-1.268070343342775,0.1872391400427869,1567457515017
4150,4150,462,Gyroscope,-0.9190889980990533,-1.4908813347785062,0.2194247442179278,1567457515020
4152,4152,462,Gyroscope,-0.9970244210023229,-1.7231934096453618,0.25748459596558687,1567457515022
4154,4154,462,Gyroscope,-1.066230479082669,-1.983615538924816,0.30750089284427934,1567457515023
4156,4156,462,Gyroscope,-1.1316059414248434,-2.249451856022209,0.3628753681664498,1567457515025
4158,4158,462,Gyroscope,-1.1868114014578774,-2.479562658200179,0.41212767123434013,1567457515028
4160,4160,462,Gyroscope,-1.2309877646148761,-2.687534053526546,0.4628873016862163,1567457515030
4162,4162,462,Gyroscope,-1.271515164466271,-2.9206153010257214,0.5347953347974537,1567457515031
4164,4164,462,Gyroscope,-1.3107243906060808,-3.1793747898731404,0.6270238264258372,1567457515033
4166,4166,462,Gyroscope,-1.346902169541346,-3.426262914687844,0.7178953975783948,1567457515036
4168,4168,462,Gyroscope,-1.3846600382453769,-3.655835754946292,0.7977443779727345,1567457515038
4170,4170,462,Gyroscope,-1.4294104347656953,-3.886726966299462,0.8746005030941336,1567457515039
4172,4172,462,Gyroscope,-1.477815957754622,-4.10810610284414,0.9505847863711127,1567457515041
4174,4174,462,Gyroscope,-1.5258945428586437,-4.299695650684065,1.0210951067670744,1567457515044
4176,4176,462,Gyroscope,-1.5762412879621523,-4.47089532478926,1.0881558154671556,1567457515046
4178,4178,462,Gyroscope,-1.6281835009998846,-4.6320248898449545,1.1516106670764277,1567457515047
4180,4180,462,Gyroscope,-1.673436550010445,-4.768853344870278,1.2023155226330675,1567457515050
4181,4181,462,Gyroscope,-1.707114321785582,-4.872722173850992,1.2387000509843424,1567457515052
4183,4183,462,Gyroscope,-1.7322266767112795,-4.957589366557519,1.2719073417147293,1567457515054
4185,4185,462,Gyroscope,-1.7517373953386097,-5.034505191168302,1.3069243843626164,1567457515055
4187,4187,462,Gyroscope,-1.7656706892548357,-5.094396642036654,1.3378258387691815,1567457515057
4189,4189,462,Gyroscope,-1.776803844496233,-5.1217701404688984,1.3652457636754098,1567457515060
4191,4191,462,Gyroscope,-1.7910082210476064,-5.1123968772165025,1.3983457565464181,1567457515062
4193,4193,462,Gyroscope,-1.8108935584275812,-5.074904179453869,1.437543695099497,1567457515063
4195,4195,462,Gyroscope,-1.8357467158627818,-5.018299728313753,1.4747429414909987,1567457515066
4197,4197,462,Gyroscope,-1.867644538811263,-4.93638117100592,1.5109578185623649,1567457515068
4199,4199,462,Gyroscope,-1.9099263360818557,-4.812905980649726,1.5554318340729147,1567457515070
4201,4201,462,Gyroscope,-1.9584499420721762,-4.651189075130951,1.6068740723992543,1567457515071
4203,4203,462,Gyroscope,-2.002899578215424,-4.476967575227461,1.6529851026263023,1567457515074
4205,4205,462,Gyroscope,-2.0388882855983503,-4.300217807988362,1.6899377991325617,1567457515076
4207,4207,462,Gyroscope,-2.069390065365684,-4.1103704705870845,1.7245443801254134,1567457515078
4209,4209,462,Gyroscope,-2.0940267761155322,-3.916657679787236,1.756293205986859,1567457515079
4212,4212,462,Gyroscope,-2.10760328936914,-3.744138549911652,1.7761531229958385,1567457515082
4213,4213,462,Gyroscope,-2.107435109649902,-3.5847980156865766,1.7835229483175281,1567457515084
4215,4215,462,Gyroscope,-2.094009637018542,-3.4028686835139332,1.7875461726758037,1567457515086
4218,4218,462,Gyroscope,-2.067224255319338,-3.190882914039624,1.7920217051908425,1567457515087
4220,4220,462,Gyroscope,-2.024411401283143,-2.972493537664665,1.7921635794057318,1567457515090
4222,4222,462,Gyroscope,-1.9615532762274006,-2.755165566652343,1.785817354473962,1567457515092
4224,4224,462,Gyroscope,-1.8791118900452504,-2.531328292720782,1.7772058283850516,1567457515093
4226,4226,462,Gyroscope,-1.77993159873458,-2.3090900033706414,1.7686653714683713,1567457515095
4228,4228,462,Gyroscope,-1.658042033086915,-2.093014030237474,1.7568639007014366,1567457515098
4230,4230,462,Gyroscope,-1.5077530940188448,-1.8685886459129302,1.7388304046586898,1567457515100
4231,4231,462,Gyroscope,-1.3451009808031802,-1.63895983503576,1.7162353038454836,1567457515101
4233,4233,462,Gyroscope,-1.1934584891279434,-1.4254818663972069,1.6921254184769756,1567457515103
4235,4235,462,Gyroscope,-1.0487601238454833,-1.2150469726334374,1.6662218423896502,1567457515106
4237,4237,462,Gyroscope,-0.8883686318476591,-0.9680055927266861,1.6353105521581024,1567457515108
4239,4239,462,Gyroscope,-0.7123846878431394,-0.6879485260222177,1.5976754143766558,1567457515110
4241,4241,462,Gyroscope,-0.5433919710658978,-0.4189195855453341,1.5539503491963944,1567457515112
4243,4243,462,Gyroscope,-0.3859754219690643,-0.16860509081312583,1.5032258356820523,1567457515113
4246,4246,462,Gyroscope,-0.2253996740676561,0.09266673883644032,1.4439458198060178,1567457515115
4248,4248,462,Gyroscope,-0.06649462564816484,0.3574663353939239,1.379405974047907,1567457515118
4250,4250,462,Gyroscope,0.06913351444553503,0.5847274545012248,1.314503253221275,1567457515120
4252,4252,462,Gyroscope,0.18438648548131398,0.7724381432827052,1.245440224280883,1567457515122
4254,4254,462,Gyroscope,0.3048740675708712,0.9562549812073835,1.1621752078219545,1567457515124
4256,4256,462,Gyroscope,0.43628077618566147,1.1426200522767678,1.064042067549986,1567457515125
4258,4258,462,Gyroscope,0.5588182517541451,1.3008607908947019,0.9613767572436778,1567457515127
4260,4260,462,Gyroscope,0.6635420371678081,1.4176493612620977,0.8597517099143692,1567457515130
4262,4262,462,Gyroscope,0.7606206563908675,1.5110323265111245,0.7573465024288415,1567457515132
4264,4264,462,Gyroscope,0.8534377054335966,1.5922390902068402,0.6545164582550627,1567457515134
4265,4265,462,Gyroscope,0.9350002076459921,1.6547254291498272,0.549914739652364,1567457515136
4267,4267,462,Gyroscope,1.0038582529662774,1.697497163530903,0.43829940196030404,1567457515138
4269,4269,462,Gyroscope,1.061534502303894,1.728415215993356,0.32426543987119716,1567457515139
4272,4272,462,Gyroscope,1.105579862254857,1.7511271125334655,0.219562197131681,1567457515142
4274,4274,462,Gyroscope,1.1377895434409062,1.7665240601843823,0.11976081930100643,1567457515144
4275,4275,462,Gyroscope,1.1670555044579565,1.7783856826303204,0.006068074030804848,1567457515146
4278,4278,462,Gyroscope,1.1977924217593436,1.7892390202583457,-0.12476480302327861,1567457515148
4280,4280,462,Gyroscope,1.2245669600459586,1.7983708155255107,-0.25640036992416615,1567457515150
4281,4281,462,Gyroscope,1.241093528702642,1.8062768129950355,-0.38210758703981984,1567457515151
4283,4283,462,Gyroscope,1.2475973771415272,1.8138093412618823,-0.5099887518009005,1567457515153
4285,4285,462,Gyroscope,1.2468821108619565,1.8178299495290882,-0.6368373634874781,1567457515156
4287,4287,462,Gyroscope,1.238870247324067,1.8151831053666023,-0.7471079703748004,1567457515158
4289,4289,462,Gyroscope,1.221812166837588,1.8080970896115494,-0.8396522969609825,1567457515160
4291,4291,462,Gyroscope,1.1965625235248005,1.7992409495548096,-0.9295416826420559,1567457515162
4293,4293,462,Gyroscope,1.1683070926403758,1.7877227820359425,-1.0224360503245113,1567457515164
4295,4295,462,Gyroscope,1.1416040211548988,1.7767535342941851,-1.1075859048733667,1567457515165
4297,4297,462,Gyroscope,1.113564857390943,1.7767090935336805,-1.1780434509218116,1567457515167
4299,4299,462,Gyroscope,1.078705367136448,1.7922426153812685,-1.2398812378686404,1567457515170
4301,4301,462,Gyroscope,1.0397577794207433,1.8141997564201002,-1.2978319060244647,1567457515172
4303,4303,462,Gyroscope,1.0032766883517779,1.832806083034342,-1.3479656064448895,1567457515174
4305,4305,462,Gyroscope,0.966607986499042,1.8521884581446755,-1.3879363963673306,1567457515176
4307,4307,462,Gyroscope,0.9214563354906682,1.882531565033886,-1.4215903779301104,1567457515178
4309,4309,462,Gyroscope,0.8682647069218352,1.922686177901554,-1.4525228191086936,1567457515179
4312,4312,462,Gyroscope,0.8145517331635801,1.962022727402807,-1.4827279172511192,1567457515182
4314,4314,462,Gyroscope,0.7619044234627106,1.9964452797514816,-1.515842267521283,1567457515184
4315,4315,462,Gyroscope,0.7083471584612377,2.028981366670322,-1.5543272302364088,1567457515186
4317,4317,462,Gyroscope,0.6587484236444138,2.0582013269267687,-1.5979277969693957,1567457515188
4319,4319,462,Gyroscope,0.6184746827656624,2.080350963008178,-1.6492571750925387,1567457515190
4321,4321,462,Gyroscope,0.5837620174360593,2.0973885252873656,-1.7116666292609586,1567457515192
4323,4323,462,Gyroscope,0.5498335943669403,2.1118139591713874,-1.7793159920461736,1567457515193
4325,4325,462,Gyroscope,0.5188275013299144,2.121233417939903,-1.8415216038111026,1567457515196
4327,4327,462,Gyroscope,0.49171542157886394,2.1238900866488453,-1.8977525691467085,1567457515198
4329,4329,462,Gyroscope,0.4632493311411862,2.1212755576100593,-1.9561854383062696,1567457515200
4331,4331,462,Gyroscope,0.43126744843564435,2.1140316857394614,-2.017572329573319,1567457515202
4333,4333,462,Gyroscope,0.4009447685362759,2.102705113568952,-2.0732089426986193,1567457515204
4335,4335,462,Gyroscope,0.374903204910548,2.09115436017384,-2.1198880297670075,1567457515205
4337,4337,462,Gyroscope,0.3493100041750772,2.0829825959672172,-2.1632306106809227,1567457515207
4339,4339,462,Gyroscope,0.32338689330850023,2.0765857979105893,-2.2042694420047204,1567457515210
4341,4341,462,Gyroscope,0.3021025422604002,2.068358117914354,-2.2362646137066027,1567457515212
4344,4344,462,Gyroscope,0.28676694010343906,2.0583983819379936,-2.255887894715623,1567457515214
4346,4346,462,Gyroscope,0.272660515033902,2.048672860828912,-2.266728772492948,1567457515216
4347,4347,462,Gyroscope,0.25822085566046976,2.037465036902023,-2.2721231013340835,1567457515218
4349,4349,462,Gyroscope,0.24871761675684118,2.0207058186518427,-2.2707761679063814,1567457515219
4351,4351,462,Gyroscope,0.24772348870219585,1.99831626427879,-2.2595531015591224,1567457515221
4353,4353,462,Gyroscope,0.25113470747066546,1.9735801347827913,-2.2388977131425984,1567457515224
4355,4355,462,Gyroscope,0.25436590352583655,1.9447876126190222,-2.2123341917023014,1567457515226
4357,4357,462,Gyroscope,0.2595170387035067,1.9032779555940693,-2.179861429022252,1567457515228
4359,4359,462,Gyroscope,0.2688834349463336,1.8436806409052577,-2.1397764291737342,1567457515230
4362,4362,462,Gyroscope,0.2780080310287244,1.7716442376502262,-2.0979678789280585,1567457515231
4364,4364,462,Gyroscope,0.2820420084293366,1.6949752278395145,-2.06324845226309,1567457515234
4366,4366,462,Gyroscope,0.2817035983355573,1.6084345118305001,-2.0331532636077556,1567457515236
4367,4367,462,Gyroscope,0.2785872336974912,1.497561495566599,-1.9980794836500029,1567457515238
4369,4369,462,Gyroscope,0.27198765986443685,1.360334589293705,-1.9583284495387487,1567457515240
4371,4371,462,Gyroscope,0.26032862652934324,1.2080205554618324,-1.9218881265216423,1567457515242
4373,4373,462,Gyroscope,0.23961887216506386,1.041219927894988,-1.8870552286239501,1567457515244
4375,4375,462,Gyroscope,0.20535829911074177,0.8530828537271811,-1.844112447795419,1567457515245
4377,4377,462,Gyroscope,0.16013982712086017,0.6580889187123128,-1.793287204504964,1567457515248
4379,4379,462,Gyroscope,0.11060125527923552,0.4837945601350509,-1.7439136485207951,1567457515250
4381,4381,462,Gyroscope,0.05417227971949223,0.33348758026457054,-1.694753832124802,1567457515252
4384,4384,462,Gyroscope,-0.018189526459369536,0.18409169643454376,-1.6306883821833553,1567457515254
4386,4386,462,Gyroscope,-0.10316190303610387,0.020622432335885472,-1.5439348446860541,1567457515256
4388,4388,462,Gyroscope,-0.18770255550244683,-0.14064119786117132,-1.4474671792495148,1567457515257
4390,4390,462,Gyroscope,-0.274798457061246,-0.25907178851576323,-1.3623280269442972,1567457515260
4392,4392,462,Gyroscope,-0.38206227691197303,-0.2944247181198619,-1.301307702831152,1567457515262
4394,4394,462,Gyroscope,-0.5104262314865166,-0.23384561115882468,-1.2666423573588323,1567457515264
4396,4396,462,Gyroscope,-0.6427359716304832,-0.09927822946783728,-1.2514799523839912,1567457515266
4398,4398,462,Gyroscope,-0.7770644399833251,0.07827526079254102,-1.2426617070375765,1567457515268
4400,4400,462,Gyroscope,-0.9301000318660083,0.28218296085130884,-1.2310255776916894,1567457515269
4402,4402,462,Gyroscope,-1.100800439479164,0.49556102232927973,-1.216358448366917,1567457515272
4404,4404,462,Gyroscope,-1.2632641344175668,0.6915933304420676,-1.1978468258386603,1567457515274
4406,4406,462,Gyroscope,-1.4047959635884617,0.8606720273112634,-1.1689194915051988,1567457515276
4408,4408,462,Gyroscope,-1.5364412508022367,1.0128547657784917,-1.1249063152313128,1567457515278
4410,4410,462,Gyroscope,-1.659034064655405,1.1408711381364212,-1.061017706081807,1567457515280
4412,4412,462,Gyroscope,-1.7540456131702862,1.2206638923479285,-0.9625957908951099,1567457515282
4414,4414,462,Gyroscope,-1.8111849329993424,1.2493741670384333,-0.8204223758613913,1567457515283
4416,4416,462,Gyroscope,-1.8385142279513524,1.2486839367439502,-0.6539666159404173,1567457515286
4418,4418,462,Gyroscope,-1.8445274125906486,1.2345428924318314,-0.4925460993118373,1567457515288
4420,4420,462,Gyroscope,-1.8231032566995455,1.199141265821169,-0.3375249896088651,1567457515290
4422,4422,462,Gyroscope,-1.7621032005861708,1.1210268035601771,-0.171115768258336,1567457515292
4424,4424,462,Gyroscope,-1.666462690855992,0.9953176763224127,0.0026696054940444323,1567457515294
4426,4426,462,Gyroscope,-1.5551406153305263,0.8457729466153652,0.1595592200344389,1567457515295
4428,4428,462,Gyroscope,-1.430658348835674,0.6956611925776327,0.29651343853190404,1567457515298
4430,4430,462,Gyroscope,-1.2826827791319189,0.5478136457502958,0.43238771355962213,1567457515300
4432,4432,462,Gyroscope,-1.123638974598535,0.4047669794937362,0.5664818424013895,1567457515302
4434,4434,462,Gyroscope,-0.9802083809518,0.27881343425624944,0.6790319575561703,1567457515304
4436,4436,462,Gyroscope,-0.850512066178116,0.17280971327390254,0.772429586793897,1567457515306
4438,4438,462,Gyroscope,-0.7101350476584467,0.07635709162250273,0.8711200114374946,1567457515308
4440,4440,462,Gyroscope,-0.5567724237097849,-0.014475154421229257,0.9802122743449548,1567457515309
4442,4442,462,Gyroscope,-0.4107525302844164,-0.08983823236496068,1.0786890391945423,1567457515312
4444,4444,462,Gyroscope,-0.27808882096336984,-0.13863009330176723,1.1550540989544773,1567457515314
4445,4445,462,Gyroscope,-0.15079509802229252,-0.15760859443094394,1.2187840993905326,1567457515316
4447,4447,462,Gyroscope,-0.03149199225085196,-0.14943412209200496,1.2740609187769145,1567457515318
4449,4449,462,Gyroscope,0.07613410676212286,-0.12143712113153327,1.3103253004003337,1567457515320
4451,4451,462,Gyroscope,0.17971273602298787,-0.08742321795958262,1.3214027580248096,1567457515321
4453,4453,462,Gyroscope,0.2778056848710588,-0.06253160366316945,1.3135195666085544,1567457515324
4455,4455,462,Gyroscope,0.3560406292437645,-0.05235212951066652,1.2950292999626618,1567457515326
4457,4457,462,Gyroscope,0.414783049794746,-0.05271587125126577,1.2707658645081634,1567457515328
4459,4459,462,Gyroscope,0.4717490102856715,-0.06203303125006639,1.2450309896829297,1567457515330
4461,4461,462,Gyroscope,0.5327415589106348,-0.08212365160061577,1.2237420679518956,1567457515332
4463,4463,462,Gyroscope,0.5834277830403376,-0.10082290697183913,1.211472974940714,1567457515334
4466,4466,462,Gyroscope,0.6119873588003533,-0.0896071398559867,1.2066780853852046,1567457515336
4467,4467,462,Gyroscope,0.6206953996221671,-0.032228630521076385,1.204063394344563,1567457515338
4469,4469,462,Gyroscope,0.6144439517956659,0.05534642757007682,1.2028370089642288,1567457515340
4471,4471,462,Gyroscope,0.5936741765989222,0.14750748378679593,1.206587152796327,1567457515342
4473,4473,462,Gyroscope,0.5582541729558894,0.24265073214181346,1.2149800044386958,1567457515344
4475,4475,462,Gyroscope,0.5094966002542817,0.356870972774167,1.2232258678824206,1567457515346
4477,4477,462,Gyroscope,0.45099291396637947,0.4887246117438774,1.2291042629882738,1567457515348
4479,4479,462,Gyroscope,0.3873755152139312,0.6158144036308573,1.2330294236353598,1567457515350
4481,4481,462,Gyroscope,0.31909766504421594,0.7287025052936855,1.2325520108787293,1567457515352
4484,4484,462,Gyroscope,0.24581741246521183,0.8368767666023909,1.2238152870130234,1567457515354
4485,4485,462,Gyroscope,0.1747785986459126,0.9382617836248088,1.2076888311618652,1567457515356
4487,4487,462,Gyroscope,0.11398684979789382,1.0177417462026839,1.1891049643871894,1567457515358
4489,4489,462,Gyroscope,0.060562384746360436,1.0767376712924368,1.1703357159270462,1567457515360
4491,4491,462,Gyroscope,0.007126628816710324,1.133141587150766,1.1491155653916045,1567457515362
4493,4493,462,Gyroscope,-0.045442131720215925,1.193692696657939,1.1240247887096837,1567457515364
4495,4495,462,Gyroscope,-0.09005411876730793,1.2499464976704335,1.0967666503977918,1567457515366
4497,4497,462,Gyroscope,-0.12355946259034692,1.297441216130283,1.0681936367362357,1567457515368
4499,4499,462,Gyroscope,-0.1481836314358295,1.3401237262797943,1.0375585500756603,1567457515370
4501,4501,462,Gyroscope,-0.1652577505652715,1.3806527380899984,1.0036659048355383,1567457515372
4503,4503,462,Gyroscope,-0.1736257265757877,1.4200763384932107,0.9624378357247299,1567457515373
4506,4506,462,Gyroscope,-0.17436371726094588,1.4602275788430032,0.9116980017945047,1567457515376
4508,4508,462,Gyroscope,-0.17244563321490192,1.4985161435635286,0.8606884990449811,1567457515378
4510,4510,462,Gyroscope,-0.17228591199334187,1.5285779158341346,0.821281275068928,1567457515380
4512,4512,462,Gyroscope,-0.17349128658067037,1.5487761103349489,0.789227943651766,1567457515382
4514,4514,462,Gyroscope,-0.17223884192537597,1.5636104109120348,0.7492760987799048,1567457515384
4516,4516,462,Gyroscope,-0.16679501012066547,1.575898106163211,0.697882530832183,1567457515385
4518,4518,462,Gyroscope,-0.15997995083417554,1.5791639356594493,0.6443844347989095,1567457515388
4520,4520,462,Gyroscope,-0.15556716829759076,1.5600792753780803,0.5913158118313208,1567457515390
4522,4522,462,Gyroscope,-0.1553550100654956,1.5129115200451917,0.53320938569429,1567457515392
4524,4524,462,Gyroscope,-0.1601424837399164,1.4484042564185058,0.47422284898960915,1567457515394
4526,4526,462,Gyroscope,-0.1694034218683536,1.3807024959732384,0.4263541678774711,1567457515396
4528,4528,462,Gyroscope,-0.18026502733118407,1.3092862596400558,0.3900408122266773,1567457515398
4530,4530,462,Gyroscope,-0.19044135956103636,1.2241884648656467,0.35448543164613794,1567457515400
4532,4532,462,Gyroscope,-0.20128433069925156,1.1249359454056398,0.3175071233986964,1567457515402
4534,4534,462,Gyroscope,-0.21569173606737985,1.0194707255667548,0.2895625647276813,1567457515404
4536,4536,462,Gyroscope,-0.23405647506871913,0.9098164004389722,0.276667868861989,1567457515406
4538,4538,462,Gyroscope,-0.2542454989084666,0.7961533853637672,0.27345407624013135,1567457515408
4540,4540,462,Gyroscope,-0.27543501549407595,0.6811519145060883,0.2750359125336289,1567457515410
4542,4542,462,Gyroscope,-0.2991851898589955,0.5544251913188287,0.2831309118258897,1567457515411
4544,4544,462,Gyroscope,-0.32590762565578196,0.4006426725200375,0.29954096714555134,1567457515414
4546,4546,462,Gyroscope,-0.3540949089640545,0.23406180182318942,0.3230700952627279,1567457515416
4548,4548,462,Gyroscope,-0.38344597846793893,0.08697618365182896,0.3526000081203479,1567457515418
4550,4550,462,Gyroscope,-0.4139823448284444,-0.040869877821835,0.3881961768852663,1567457515420
4552,4552,462,Gyroscope,-0.4432253762397067,-0.18036535866025713,0.4295297547655329,1567457515422
4553,4553,462,Gyroscope,-0.46929420385433657,-0.34015226744395616,0.47489185193153083,1567457515424
4555,4555,462,Gyroscope,-0.4935830868900256,-0.49872070921587164,0.5234866712489485,1567457515426
4557,4557,462,Gyroscope,-0.5157720382100535,-0.6493399462058177,0.5779969906580835,1567457515428
4559,4559,462,Gyroscope,-0.5315451723117877,-0.8053614187365632,0.6396502195198187,1567457515430
4561,4561,462,Gyroscope,-0.5395993251796872,-0.9602095788742842,0.7022390474522548,1567457515432
4563,4563,462,Gyroscope,-0.544116335227202,-1.0917673124865463,0.759256216668954,1567457515434
4565,4565,462,Gyroscope,-0.5458677990215244,-1.2067899607833115,0.8145602412996843,1567457515436
4567,4567,462,Gyroscope,-0.5388777413652884,-1.3355767808353292,0.8770773830006905,1567457515438
4569,4569,462,Gyroscope,-0.5206386384410056,-1.4834080845695512,0.9481713820132258,1567457515439
4571,4571,462,Gyroscope,-0.49569713124023185,-1.6272328279934527,1.022352438634271,1567457515442
4573,4573,462,Gyroscope,-0.46402848633293947,-1.7577067571151084,1.0955851204902871,1567457515444
4575,4575,462,Gyroscope,-0.4182799213262383,-1.8848381355471535,1.1656890895077816,1567457515446
4577,4577,462,Gyroscope,-0.35779621013411994,-2.0054382296850752,1.230767320537682,1567457515448
4579,4579,462,Gyroscope,-0.2897737744098535,-2.101506056267273,1.2883220435246001,1567457515450
4581,4581,462,Gyroscope,-0.2085500813603845,-2.165878698248532,1.3251724171383894,1567457515452
4583,4583,462,Gyroscope,-0.09260917383133485,-2.205978671768913,1.3170124000520593,1567457515454
4585,4585,462,Gyroscope,0.06289606329224286,-2.2329962553331058,1.2529198010810214,1567457515456
4587,4587,462,Gyroscope,0.22873726789982365,-2.257598115463827,1.1439342486558874,1567457515458
4589,4589,462,Gyroscope,0.37020231580393903,-2.281787941090342,1.0022166611949928,1567457515460
4591,4591,462,Gyroscope,0.46884720280632386,-2.2907050730476586,0.84034571541273,1567457515462
4593,4593,462,Gyroscope,0.5068491177898541,-2.2622495654356336,0.6819736500037556,1567457515464
4595,4595,462,Gyroscope,0.4650221016514071,-2.1863612892525124,0.5398324195746624,1567457515466
4597,4597,462,Gyroscope,0.3525293321812336,-2.0753276739764632,0.40554015891223094,1567457515468
4599,4599,462,Gyroscope,0.21289025932843997,-1.959618907113161,0.2818436342292964,1567457515470
4601,4601,462,Gyroscope,0.08475504905408879,-1.8639862360492305,0.18738984799537622,1567457515472
4603,4603,462,Gyroscope,-0.03474487741156425,-1.7705853799772826,0.12076365788200454,1567457515474
4606,4606,462,Gyroscope,-0.17955824004965062,-1.6183854220506322,0.06083536366752047,1567457515476
4608,4608,462,Gyroscope,-0.36775805027333436,-1.369617285139445,0.004303273918657565,1567457515478
4610,4610,462,Gyroscope,-0.5754892290454102,-1.063712637418284,-0.03303770267161111,1567457515480
4611,4611,462,Gyroscope,-0.763345295072531,-0.7762653989045842,-0.05002833012611316,1567457515482
4613,4613,462,Gyroscope,-0.9078284964571901,-0.5549272962981466,-0.062287268085886596,1567457515484
4615,4615,462,Gyroscope,-0.9968724798845492,-0.42291591633489967,-0.0718358910899512,1567457515486
4617,4617,462,Gyroscope,-1.0219708628807318,-0.4004605220251567,-0.06277348043622517,1567457515488
4619,4619,462,Gyroscope,-0.9900782701236158,-0.48737008529656595,-0.026514954669378435,1567457515490
4621,4621,462,Gyroscope,-0.9324529295299775,-0.6385472946028868,0.028147996138766278,1567457515492
4623,4623,462,Gyroscope,-0.897577061182596,-0.7705961793140621,0.08560798934649323,1567457515494
4625,4625,462,Gyroscope,-0.926299027398666,-0.8136711932534271,0.13241971057711857,1567457515496
4628,4628,462,Gyroscope,-1.0159718981073709,-0.7774928630679045,0.1633298884671512,1567457515497
4630,4630,462,Gyroscope,-1.1133745999806581,-0.746910706214269,0.18536019255086394,1567457515500
4631,4631,462,Gyroscope,-1.1601340265748052,-0.795567143516986,0.21016135573408412,1567457515502
4633,4633,462,Gyroscope,-1.1440632411048184,-0.9200227577003122,0.2400650041131684,1567457515504
4635,4635,462,Gyroscope,-1.0979062600797733,-1.0575846317963922,0.26607298513476724,1567457515506
4637,4637,462,Gyroscope,-1.0574516930874647,-1.1476533785510399,0.2800335845168772,1567457515508
4639,4639,462,Gyroscope,-1.033677880495217,-1.175365863689965,0.2844963582953809,1567457515510
4641,4641,462,Gyroscope,-1.0156047026610113,-1.1686926971724279,0.2877529483795769,1567457515512
4643,4643,462,Gyroscope,-0.9860662777793971,-1.1632354347263933,0.2927096159759338,1567457515514
4645,4645,462,Gyroscope,-0.9400518536209947,-1.172557351544652,0.29577227728013367,1567457515516
4647,4647,462,Gyroscope,-0.8887636772957905,-1.1784917443196656,0.2916993495177404,1567457515518
4650,4650,462,Gyroscope,-0.8390979544440009,-1.1417933873010406,0.27305448771886315,1567457515520
4652,4652,462,Gyroscope,-0.7835109907317112,-1.0397411997597474,0.23311143159953843,1567457515522
4654,4654,462,Gyroscope,-0.7196671072369284,-0.8977389224731349,0.17637876055746401,1567457515524
4656,4656,462,Gyroscope,-0.6560199637299833,-0.7613015969366463,0.11625973976023704,1567457515526
4658,4658,462,Gyroscope,-0.5872939712736838,-0.6387278094821962,0.05612642001110357,1567457515528
4660,4660,462,Gyroscope,-0.492716552785833,-0.5019910793743739,-0.014545578235847468,1567457515530
4662,4662,462,Gyroscope,-0.36983654601864924,-0.34225668782763186,-0.09552171215713709,1567457515532
4664,4664,462,Gyroscope,-0.23990779191763306,-0.18639987359666993,-0.16130800908109155,1567457515534
4666,4666,462,Gyroscope,-0.11123746297484476,-0.0555696302468951,-0.18643662484994267,1567457515536
4668,4668,462,Gyroscope,0.027187971425073492,0.053011883300693965,-0.17309124695506278,1567457515538
4670,4670,462,Gyroscope,0.171879645280959,0.14068931963099682,-0.14073463511716333,1567457515540
4672,4672,462,Gyroscope,0.3050676412846289,0.20162726811377346,-0.1034338491277218,1567457515542
4674,4674,462,Gyroscope,0.4282057372323139,0.24176896862455638,-0.06837152179676742,1567457515544
4676,4676,462,Gyroscope,0.5566640165820896,0.2747928793525455,-0.041663591403965444,1567457515546
4678,4678,462,Gyroscope,0.6873343889604561,0.30386482530870274,-0.026337920225756754,1567457515548
4680,4680,462,Gyroscope,0.809052750591264,0.3257109640095107,-0.023039280383039082,1567457515550
4682,4682,462,Gyroscope,0.9330383938500246,0.34466605951688695,-0.1350280097417022,1567457515552
4684,4684,462,Gyroscope,1.0754114971760025,0.36856589367192405,-0.05332817140021888,1567457515554
4686,4686,462,Gyroscope,1.2309367289896798,0.3981403881966168,-0.0775128964966843,1567457515556
4688,4688,462,Gyroscope,1.3956016684242745,0.4323856338731451,-0.10441691893535501,1567457515558
4690,4690,462,Gyroscope,1.5781688180541371,0.47757573811367826,-0.1350280097417022,1567457515560
4692,4692,462,Gyroscope,1.7692642414980546,0.5386428034757484,-0.15967117317626545,1567457515562
4694,4694,462,Gyroscope,1.948125262041113,0.6068586585191997,-0.16622545357324991,1567457515564
4696,4696,462,Gyroscope,2.127107050681986,0.6751881058799502,-0.15917606314009353,1567457515566
4698,4698,462,Gyroscope,2.336180127528347,0.7676903675237503,-0.15408396779392483,1567457515568
4699,4699,462,Gyroscope,2.564193819886432,0.9221272891294615,-0.1564794368841873,1567457515570
4701,4701,462,Gyroscope,2.7682384384603136,1.1289982964894953,-0.1618110159888469,1567457515572
4703,4703,462,Gyroscope,2.936329946168361,1.325216090336458,-0.17195277094290184,1567457515574
4705,4705,462,Gyroscope,3.0911514882143307,1.4681118909307105,-0.19221886626151455,1567457515576
4708,4708,462,Gyroscope,3.2433418347754426,1.5758793774382043,-0.21429860223650532,1567457515578
4710,4710,462,Gyroscope,3.386737159449501,1.6627816222369094,-0.22372885757924418,1567457515580
4711,4711,462,Gyroscope,3.5254878577523376,1.6661202212430077,-0.22180489192015146,1567457515583
4713,4713,462,Gyroscope,3.6661773095580825,1.5035467921439198,-0.21946245507304873,1567457515584
4715,4715,462,Gyroscope,3.774268540451479,1.2149729765322594,-0.21473597861218746,1567457515586
4717,4717,462,Gyroscope,3.7497768198343904,0.9732132681632477,-0.19493872752486796,1567457515588
4719,4719,462,Gyroscope,3.486811693638151,0.9065802408879896,-0.15506461696049617,1567457515590
4721,4721,462,Gyroscope,2.9915901529994358,0.9605253817260796,-0.09992870756808944,1567457515592
4723,4723,462,Gyroscope,2.4020783297106623,0.9729160244355874,-0.03362608056338532,1567457515594
4725,4725,462,Gyroscope,1.8520246993613148,0.8502329120409091,0.04581356392152966,1567457515596
4727,4727,462,Gyroscope,1.3555880064239187,0.6341684956870239,0.14682666323048454,1567457515598
4729,4729,462,Gyroscope,0.8564797371157113,0.4126482513509101,0.27770816647353586,1567457515600
4731,4731,462,Gyroscope,0.3489654393370467,0.2187862825489702,0.4308979480083634,1567457515602
4733,4733,462,Gyroscope,-0.10007827360084315,0.034688668725751104,0.5823788059484265,1567457515604
4735,4735,462,Gyroscope,-0.4311327042301257,-0.16309543296113146,0.7150701547219536,1567457515606
4738,4738,462,Gyroscope,-0.6282358903325647,-0.3998681506812285,0.828763470290718,1567457515608
4740,4740,462,Gyroscope,-0.6988880779178444,-0.6926192357366017,0.9256004212645947,1567457515610
4741,4741,462,Gyroscope,-0.7068890331221972,-1.0003268667521883,1.0046933465092691,1567457515612
4743,4743,462,Gyroscope,-0.7688064419846214,-1.2378053697610631,1.0670219826891518,1567457515614
4745,4745,462,Gyroscope,-0.9078186102846968,-1.3959546185789908,1.1126693108011776,1567457515616
4748,4748,462,Gyroscope,-0.9899506819662561,-1.5883997500812324,1.144836169798106,1567457515618
4750,4750,462,Gyroscope,-0.8974728936195143,-1.9115187699611011,1.1812797350019313,1567457515620
4752,4752,462,Gyroscope,-0.6727965038358565,-2.320518626041268,1.2431324189305628,1567457515622
4754,4754,462,Gyroscope,-0.43508420744276644,-2.694433989253619,1.3291001346470417,1567457515624
4756,4756,462,Gyroscope,-0.24668995993771012,-2.960830402702279,1.4193026416227954,1567457515626
4757,4757,462,Gyroscope,-0.09906300736583727,-3.126875227864395,1.504850412811484,1567457515628
4759,4759,462,Gyroscope,0.030327196880117376,-3.2348595351989253,1.5922426552999263,1567457515630
4762,4762,462,Gyroscope,0.14217848210074488,-3.3142511494277316,1.6796546871615177,1567457515632
4764,4764,462,Gyroscope,0.22586194117295139,-3.366853206813923,1.7528269337467917,1567457515634
4766,4766,462,Gyroscope,0.28312673670238786,-3.3772355019051843,1.8049709458264065,1567457515636
4768,4768,462,Gyroscope,0.3260667766080888,-3.329220993553519,1.8421046394199687,1567457515638
4770,4770,462,Gyroscope,0.3625470435973859,-3.221511403971381,1.8689270457321725,1567457515641
4772,4772,462,Gyroscope,0.398590153570465,-3.0637823593721993,1.8812805956187013,1567457515642
4774,4774,462,Gyroscope,0.4439248830661825,-2.861597237710103,1.8740198069378913,1567457515644
4776,4776,462,Gyroscope,0.5017474976683359,-2.6279283749891134,1.8497862151148103,1567457515646
4777,4777,462,Gyroscope,0.5646119634254857,-2.38760325314533,1.8118941411211287,1567457515648
4779,4779,462,Gyroscope,0.6295967242040053,-2.14155781789925,1.7516409490072324,1567457515650
4781,4781,462,Gyroscope,0.702439690392697,-1.8687637236602805,1.6597761785761564,1567457515652
4783,4783,462,Gyroscope,0.7816634375697282,-1.5804570182451645,1.5490373312681052,1567457515654
4785,4785,462,Gyroscope,0.8557936920883396,-1.314690000643174,1.4406948045347443,1567457515656
4788,4788,462,Gyroscope,0.91774956929503,-1.0742696469279838,1.3289993610671083,1567457515658
4790,4790,462,Gyroscope,0.9678661426855648,-0.8302859933781469,1.1892339641447183,1567457515660
4792,4792,462,Gyroscope,1.0057000975594081,-0.5857597390314603,1.023826673359209,1567457515663
4794,4794,462,Gyroscope,1.0299672358702632,-0.38112019326663493,0.8646156268641223,1567457515664
4796,4796,462,Gyroscope,1.042467088560634,-0.2329355053100264,0.7246942094220298,1567457515666
4798,4798,462,Gyroscope,1.0448599862350296,-0.11568119303566624,0.5904504987561182,1567457515668
4800,4800,462,Gyroscope,1.036221324235147,-0.009595102509079238,0.4633037735148455,1567457515670
4802,4802,462,Gyroscope,1.0163413598037696,0.07999962462628243,0.3623281361475242,1567457515672
4804,4804,462,Gyroscope,0.9847611759570092,0.154646074872829,0.285534263495357,1567457515675
4805,4805,462,Gyroscope,0.9383183011289549,0.23062938802318284,0.20984166962505332,1567457515676
4807,4807,462,Gyroscope,0.8769308611370705,0.31058210003307773,0.12854318780853285,1567457515678
4809,4809,462,Gyroscope,0.8052492409282553,0.38045786384708846,0.056987535064319673,1567457515680
4811,4811,462,Gyroscope,0.7250397732664269,0.4366235624583291,0.0016136226088570614,1567457515682
4813,4813,462,Gyroscope,0.638589594864448,0.4880377544267037,-0.048610520291457925,1567457515684
4815,4815,462,Gyroscope,0.5575493756049704,0.5316731732881446,-0.09797177802572835,1567457515687
4817,4817,462,Gyroscope,0.49240023304088343,0.5519444333687589,-0.13777461492148219,1567457515688
4819,4819,462,Gyroscope,0.439564344835321,0.545284592731605,-0.1670720658825473,1567457515690
4821,4821,462,Gyroscope,0.39206452460309726,0.5255962276470724,-0.1962037734712821,1567457515692
4823,4823,462,Gyroscope,0.35335375444047984,0.5038109888515011,-0.2285743613743174,1567457515694
4825,4825,462,Gyroscope,0.3309823762603179,0.4734241792499875,-0.2591073476371018,1567457515696
4827,4827,462,Gyroscope,0.3251556184288173,0.4220113854134375,-0.2891572275951347,1567457515699
4829,4829,462,Gyroscope,0.32965173418802224,0.35478838960923215,-0.32426064051597886,1567457515700
4831,4831,462,Gyroscope,0.336439719693763,0.29683908131843517,-0.36187330363190967,1567457515702
4833,4833,462,Gyroscope,0.33521842673256974,0.26885404324627804,-0.3976551868037934,1567457515704
4835,4835,462,Gyroscope,0.31693384138120023,0.2702450635875682,-0.43346153188305664,1567457515706
4837,4837,462,Gyroscope,0.2812568781380219,0.28642560292994773,-0.46614991829928243,1567457515708
4840,4840,462,Gyroscope,0.23076216080686343,0.30454258878080626,-0.4862168756191734,1567457515710
4842,4842,462,Gyroscope,0.15769615512729013,0.3255188392489884,-0.4997477778116234,1567457515712
4843,4843,462,Gyroscope,0.053963643036702494,0.3627504760130139,-0.5302380408206704,1567457515714
4845,4845,462,Gyroscope,-0.06521069664831242,0.4230048700521063,-0.5853591793212384,1567457515716
4847,4847,462,Gyroscope,-0.17317322085132658,0.4965260592468636,-0.6432410181794319,1567457515718
4849,4849,462,Gyroscope,-0.26837678373753776,0.5729887036844274,-0.684123746800802,1567457515720
4851,4851,462,Gyroscope,-0.3681232341124482,0.649957819171442,-0.7135685548090805,1567457515722
4854,4854,462,Gyroscope,-0.4697678669934251,0.7196064110616414,-0.7442668446984186,1567457515724
4856,4856,462,Gyroscope,-0.553736290682674,0.7684243202313842,-0.7797307530718869,1567457515726
4858,4858,462,Gyroscope,-0.6192655860412835,0.7946228349813703,-0.825988030510393,1567457515728
4859,4859,462,Gyroscope,-0.684149987512047,0.810026712254359,-0.8937944078482143,1567457515730
4861,4861,462,Gyroscope,-0.7526455375872714,0.8258836131226582,-0.9800254277138438,1567457515733
4863,4863,462,Gyroscope,-0.808935878321777,0.8474102011734543,-1.0744454289148577,1567457515734
4865,4865,462,Gyroscope,-0.8418441861962023,0.8763767108567063,-1.1895102564593887,1567457515736
4867,4867,462,Gyroscope,-0.8552860270456863,0.9087706101579978,-1.3471047771910671,1567457515738
4869,4869,462,Gyroscope,-0.8517151699837189,0.9357889101931298,-1.5345683959691212,1567457515740
4872,4872,462,Gyroscope,-0.8256234516925943,0.9553319839333685,-1.719680993296734,1567457515742
4873,4873,462,Gyroscope,-0.7798147155663117,0.974631709404169,-1.9110117728509142,1567457515744
4875,4875,462,Gyroscope,-0.7303271569667977,0.9960626352301785,-2.1514892553735923,1567457515746
4877,4877,462,Gyroscope,-0.688631185733541,1.0129171044508047,-2.4477355300692616,1567457515748
4879,4879,462,Gyroscope,-0.6526551480858824,1.0245524608309031,-2.7641337025916117,1567457515750
4881,4881,462,Gyroscope,-0.6186762457126516,1.0408387780750328,-3.0863390050434325,1567457515752
4884,4884,462,Gyroscope,-0.5911702938366301,1.0672595164080034,-3.4219310063346957,1567457515754
4886,4886,462,Gyroscope,-0.5798147407251133,1.1031839782461788,-3.7545166893187,1567457515757
4888,4888,462,Gyroscope,-0.59241126723369,1.1569820396919615,-4.065492343592827,1567457515758
4890,4890,462,Gyroscope,-0.6282399102099423,1.240444249804742,-4.362270134072489,1567457515760
4892,4892,462,Gyroscope,-0.6768355280910316,1.34707541064052,-4.6383915616850535,1567457515762
4894,4894,462,Gyroscope,-0.7287733892229993,1.4602041753434238,-4.86321904080363,1567457515764
4896,4896,462,Gyroscope,-0.7868510313176731,1.5817332301032336,-5.031952600983967,1567457515766
4898,4898,462,Gyroscope,-0.8582031874616682,1.7266974306701117,-5.17161279093084,1567457515769
4900,4900,462,Gyroscope,-0.9371650424797161,1.8909739882481817,-5.292164221538067,1567457515770
4901,4901,462,Gyroscope,-1.0092534965301598,2.0547887192122714,-5.365633143261598,1567457515772
4903,4903,462,Gyroscope,-1.0702944734687514,2.2149329061774736,-5.355720890208612,1567457515774
4906,4906,462,Gyroscope,-1.1243338838287293,2.3766976317477693,-5.255313919398878,1567457515776
4908,4908,462,Gyroscope,-1.1671200263169466,2.5225034608434527,-5.091772981294071,1567457515778
4910,4910,462,Gyroscope,-1.1896492535448893,2.6275230767621025,-4.894100250113741,1567457515781
4912,4912,462,Gyroscope,-1.1897525904367559,2.6906045979110047,-4.657240397258558,1567457515782
4914,4914,462,Gyroscope,-1.1679932928757357,2.717388212930371,-4.355823372182974,1567457515784
4916,4916,462,Gyroscope,-1.1237006024497245,2.687622591330985,-3.9956922874576164,1567457515786
4918,4918,462,Gyroscope,-1.059536197681681,2.5579856211075143,-3.611334818071369,1567457515788
4920,4920,462,Gyroscope,-0.981414954984311,2.305291115499031,-3.2106107807003488,1567457515790
4921,4921,462,Gyroscope,-0.8961795293308056,1.9723142019747097,-2.7842083805662585,1567457515793
4923,4923,462,Gyroscope,-0.8085936283944213,1.6343429838249057,-2.3487122445695094,1567457515794
4925,4925,462,Gyroscope,-0.714652796021946,1.30759894458681,-1.9137490036023919,1567457515796
4927,4927,462,Gyroscope,-0.6099713656543683,0.9660459862402369,-1.4705220078208396,1567457515798
4929,4929,462,Gyroscope,-0.5111563967295104,0.6546104906485546,-1.0621057341252214,1567457515800
4931,4931,462,Gyroscope,-0.4458756626480207,0.46656799348647165,-0.7611182948769035,1567457515802
4933,4933,462,Gyroscope,-0.4115832696421292,0.3893146816413484,-0.5478777718881584,1567457515805
4935,4935,462,Gyroscope,-0.3700971500358793,0.2938466269822447,-0.3226990694113454,1567457515806
4937,4937,462,Gyroscope,-0.2958710717629933,0.10454055609048762,-0.055688066461370776,1567457515808
4939,4939,462,Gyroscope,-0.20297399984925454,-0.12490651862014948,0.17451755233004537,1567457515810
4941,4941,462,Gyroscope,-0.11290468802308445,-0.32455069965597244,0.30297174135090826,1567457515812
4943,4943,462,Gyroscope,-0.028478330570635736,-0.4929419613960755,0.3551897791627911,1567457515814
4945,4945,462,Gyroscope,0.0484014843063043,-0.6479912991110478,0.3869782873501655,1567457515817
4947,4947,462,Gyroscope,0.10993296362448635,-0.791269092669686,0.4087542397027883,1567457515818
4949,4949,462,Gyroscope,0.1671483395184476,-0.9388711774874975,0.3845170446799876,1567457515820
4951,4951,462,Gyroscope,0.24626986946412527,-1.1027630268046058,0.28388252486662957,1567457515822
4953,4953,462,Gyroscope,0.34450080870538013,-1.2266057749757575,0.13430466621322001,1567457515824
4955,4955,462,Gyroscope,0.42092042653829753,-1.213129931583877,0.008182767144938607,1567457515826
4957,4957,462,Gyroscope,0.4497536381333323,-1.0441751415374747,-0.0553101699480601,1567457515829
4959,4959,462,Gyroscope,0.45323784466176864,-0.8181366025996373,-0.08345740764571935,1567457515830
4962,4962,462,Gyroscope,0.46236549279414285,-0.6273118932432254,-0.11070370429096277,1567457515832
4964,4964,462,Gyroscope,0.4756660286069936,-0.4536565789612478,-0.12863285437212504,1567457515834
4965,4965,462,Gyroscope,0.476970737519655,-0.24297579263265123,-0.1150162452585074,1567457515836
4967,4967,462,Gyroscope,0.4646372596866869,-0.018233202721307386,-0.07730841329099467,1567457515839
4969,4969,462,Gyroscope,0.44328143177377477,0.15516794475747353,-0.04015972258655762,1567457515840
4972,4972,462,Gyroscope,0.40917062952984673,0.26523050612239196,-0.005530602651417291,1567457515842
4974,4974,462,Gyroscope,0.36122374007174657,0.34592910461947146,0.04574333041863251,1567457515844
4976,4976,462,Gyroscope,0.3123894267376323,0.3990797693503072,0.11181997936376319,1567457515846
4977,4977,462,Gyroscope,0.27452368541567085,0.3761181936455939,0.15960146766807884,1567457515849
4979,4979,462,Gyroscope,0.23925979451749138,0.2505942638398617,0.1680382505344574,1567457515850
4981,4981,462,Gyroscope,0.18904304745388273,0.07784643217868495,0.15245222437648492,1567457515852
4984,4984,462,Gyroscope,0.12198163393894604,-0.05666295539839506,0.1339606613364165,1567457515854
4985,4985,462,Gyroscope,0.04875522805242308,-0.13159411285732603,0.1140579915489088,1567457515856
4987,4987,462,Gyroscope,-0.030335330337688454,-0.1889948019827238,0.08871581024845808,1567457515859
4990,4990,462,Gyroscope,-0.12422661116573912,-0.25876543154099285,0.06195628097575646,1567457515860
4992,4992,462,Gyroscope,-0.2278811030847211,-0.3265025965648174,0.03914380806676741,1567457515862
4994,4994,462,Gyroscope,-0.32357369726483776,-0.36212421509396614,0.023284168562157804,1567457515864
4996,4996,462,Gyroscope,-0.4067244657948869,-0.3520686255750691,0.017686202828936244,1567457515866
4998,4998,462,Gyroscope,-0.4838806408651713,-0.3101864175416151,0.021688676700332782,1567457515869
5000,5000,462,Gyroscope,-0.5467372018884198,-0.2646523235956327,0.02789392697270538,1567457515870
5002,5002,462,Gyroscope,-0.5799783260843863,-0.22958320540791272,0.02944060431759815,1567457515872
5004,5004,462,Gyroscope,-0.5905712065809897,-0.19759632364816543,0.022568305576436958,1567457515874
5006,5006,462,Gyroscope,-0.5981277618642609,-0.16845696500029933,0.00033946040595751086,1567457515876
5008,5008,462,Gyroscope,-0.6032633986738954,-0.16473672372422515,-0.03977093475877498,1567457515878
5010,5010,462,Gyroscope,-0.5934714197014777,-0.19126648353716036,-0.07400863717883804,1567457515881
5012,5012,462,Gyroscope,-0.5733748635954062,-0.19588261932133252,-0.05956695417038541,1567457515882
5014,5014,462,Gyroscope,-0.5635547151347476,-0.12096417248538939,0.019147779720944086,1567457515884
5016,5016,462,Gyroscope,-0.5721298130615214,0.005863459026139026,0.13341780076356097,1567457515886
5018,5018,462,Gyroscope,-0.5877337276193682,-0.16845696500029933,0.2537544171876125,1567457515889
5020,5020,462,Gyroscope,-0.5990306685597152,-0.16473672372422515,0.377246450876181,1567457515890
5022,5022,462,Gyroscope,-0.605838383598541,-0.01777324861921473,0.4990715682581526,1567457515892
5024,5024,462,Gyroscope,-0.6119899968977692,-0.11211722837135521,0.6006485874364758,1567457515894
5026,5026,462,Gyroscope,-0.616811797547744,-0.18623044586173196,0.6828148870390183,1567457515897
5028,5028,462,Gyroscope,-0.614505656547601,-0.23589230514411919,0.7720683117307388,1567457515898
5030,5030,462,Gyroscope,-0.6001803304777662,-0.2549119276972215,0.8773811989180862,1567457515900
5032,5032,462,Gyroscope,-0.5755091833264248,-0.22312409265579486,0.9718547917918313,1567457515903
5034,5034,462,Gyroscope,-0.545846780309433,-0.11818192619848353,1.0328519375494303,1567457515904
5036,5036,462,Gyroscope,-0.5139248762442359,0.05171095331694413,1.0731007867343914,1567457515906
5038,5038,462,Gyroscope,-0.4804327573545413,0.239189840237864,1.1169290168019383,1567457515908
5040,5040,462,Gyroscope,-0.44592351679676245,0.3944681423325458,1.1705445582326472,1567457515911
5042,5042,462,Gyroscope,-0.40672705478074056,-0.11211722837135521,1.2291596550252217,1567457515912
5043,5043,462,Gyroscope,-0.35567662346680295,0.5177080938113249,1.2905452020261898,1567457515914
5046,5046,462,Gyroscope,-0.29256940453379693,0.47368192707766854,1.3467603932095613,1567457515916
5048,5048,462,Gyroscope,-0.2253560919881394,0.37422536668553974,1.3811824482920227,1567457515919
5049,5049,462,Gyroscope,-0.15668810639429978,0.2337699324166209,1.3904210575496943,1567457515920
5051,5051,462,Gyroscope,-0.08187737850668393,0.06208490065001537,1.39515992116324,1567457515922
5053,5053,462,Gyroscope,-0.005585415112049576,-0.12253540667360356,1.4148599741573933,1567457515924
5055,5055,462,Gyroscope,0.052509443006007406,-0.2964670484894598,1.4428932652622288,1567457515926
5057,5057,462,Gyroscope,0.0770651857468638,-0.43457248903605117,1.456457938833205,1567457515928
5059,5059,462,Gyroscope,0.07551943234038322,-0.5049844011126604,1.4430829091373236,1567457515930
5061,5061,462,Gyroscope,0.0676047134496187,-0.49465980398224907,1.411551286782408,1567457515933
5063,5063,462,Gyroscope,0.05723168885071034,-0.4409887461944868,1.3815065583313604,1567457515934
5065,5065,462,Gyroscope,0.028715801741676365,-0.4030065719109137,1.3671287426319925,1567457515936
5068,5068,462,Gyroscope,-0.026491128860342526,-0.4080824173560631,1.3681158792748387,1567457515938
5070,5070,462,Gyroscope,-0.10023847684292303,-0.4518690026383115,1.3708686306178082,1567457515941
5072,5072,462,Gyroscope,-0.1871885653840605,-0.5287806395520882,1.359634492551943,1567457515942
5074,5074,462,Gyroscope,-0.28635193315647095,-0.6311198039062521,1.3301617842682938,1567457515944
5075,5075,462,Gyroscope,-0.3829297911065087,-0.735175552576244,1.2907141853774573,1567457515946
5077,5077,462,Gyroscope,-0.457343486675525,-0.8167934473742449,1.2500058973247614,1567457515949
5080,5080,462,Gyroscope,-0.5100696824196915,-0.8715673431707616,1.2094785285430967,1567457515950
5082,5082,462,Gyroscope,-0.5554241149311989,-0.9061907696072384,1.1674569364918357,1567457515952
5084,5084,462,Gyroscope,-0.5975839106779668,-0.9248614482023967,1.1250712333734676,1567457515955
5086,5086,462,Gyroscope,-0.6305958981230583,-0.9343876447690388,1.0857967347091482,1567457515956
5088,5088,462,Gyroscope,-0.6554767262015304,-0.9488741677001554,1.0516740667125755,1567457515958
5089,5089,462,Gyroscope,-0.6805515093695023,-0.9794947860178845,1.0217951548940154,1567457515960
5091,5091,462,Gyroscope,-0.7066052383117658,-1.025555650531268,0.9938217220069341,1567457515963
5093,5093,462,Gyroscope,-0.7251573218474037,-1.0797415323233015,0.9666582215174007,1567457515964
5095,5095,462,Gyroscope,-0.7315828269244318,-1.1380506908654433,0.941819527883782,1567457515966
5097,5097,462,Gyroscope,-0.7297417005315519,-1.2004822420402796,0.9205344044519012,1567457515968
5099,5099,462,Gyroscope,-0.7222234677249523,-1.2610437810658877,0.8993871452460608,1567457515971
5101,5101,462,Gyroscope,-0.7030163194278578,-1.3027159240990454,0.8725298292723146,1567457515972
5103,5103,462,Gyroscope,-0.6649490095747945,-1.3118164510859336,0.8387874538115825,1567457515974
5106,5106,462,Gyroscope,-0.611352340877966,-1.293463817387404,0.8007268381463419,1567457515977
5108,5108,462,Gyroscope,-0.5518678852879948,-1.26081871001459,0.754014916096424,1567457515978
5110,5110,462,Gyroscope,-0.4891149905926694,-1.2162279662357416,0.6865414596044649,1567457515980
5112,5112,462,Gyroscope,-0.42113711863469105,-1.1581727692257093,0.5962103858211107,1567457515982
5113,5113,462,Gyroscope,-0.352872394037923,-1.097452930511947,0.50025315286261,1567457515984
5115,5115,462,Gyroscope,-0.2918848926752674,-1.0485120079880907,0.4159349002294199,1567457515987
5117,5117,462,Gyroscope,-0.23709754396305727,-1.0116383235790387,0.34142850270263114,1567457515988
5119,5119,462,Gyroscope,-0.18261977765849532,-0.978485891983998,0.2663703430649893,1567457515990
5121,5121,462,Gyroscope,-0.1290896607868563,-0.9474972485287325,0.1918156895394919,1567457515993
5123,5123,462,Gyroscope,-0.08333216536331042,-0.9200176155572644,0.12840586907793317,1567457515995
5125,5125,462,Gyroscope,-0.04906398053523718,-0.8888223507238044,0.080807396769838,1567457515996
5127,5127,462,Gyroscope,-0.024270888628077726,-0.8455782979998262,0.04474830903083678,1567457515998
5129,5129,462,Gyroscope,-0.006409567898176858,-0.7951302259793085,0.01615751021857242,1567457516001
5131,5131,462,Gyroscope,0.003980038785474323,-0.7496487518062886,-0.006322587971712722,1567457516003
5133,5133,462,Gyroscope,0.0028004798077805363,-0.7124560681572147,-0.0253979627095636,1567457516004
5135,5135,462,Gyroscope,-0.01415173592065959,-0.6782138676527715,-0.04410110785733579,1567457516006
5137,5137,462,Gyroscope,-0.04426640121754065,-0.6456813636101545,-0.062442112662572755,1567457516009
5139,5139,462,Gyroscope,-0.08088579164190064,-0.6197575746718815,-0.07858431275767873,1567457516010
5141,5141,462,Gyroscope,-0.12467684143961219,-0.6014563368059175,-0.0912815737458326,1567457516012
5143,5143,462,Gyroscope,-0.18053505314286575,-0.5859993265094112,-0.1011168195352904,1567457516014
5145,5145,462,Gyroscope,-0.24410168531579207,-0.5723068358602319,-0.11161140095708565,1567457516017
5148,5148,462,Gyroscope,-0.30526001464846775,-0.5647369937280838,-0.1264541186794854,1567457516018
5150,5150,462,Gyroscope,-0.36325565635255136,-0.5648070084898567,-0.14382963883289202,1567457516020
5151,5151,462,Gyroscope,-0.426932990474048,-0.5717335278277853,-0.1587845511724767,1567457516023
5154,5154,462,Gyroscope,-0.4997799401579474,-0.5885619040554534,-0.17092770467708107,1567457516024
5155,5155,462,Gyroscope,-0.5713188554983728,-0.6120855420584808,-0.1791661174836604,1567457516026
5158,5158,462,Gyroscope,-0.6248799927816869,-0.617340402681602,-0.17017124976208609,1567457516029
5160,5160,462,Gyroscope,-0.6487999433721857,-0.5658784730177314,-0.12854623388550507,1567457516031
5162,5162,462,Gyroscope,-0.6382177474767937,-0.4297690428126293,-0.058160546926313575,1567457516032
5164,5164,462,Gyroscope,-0.593959295467981,-0.20981114138470813,0.021959498613712203,1567457516034
5166,5166,462,Gyroscope,-0.5253724561567024,0.05422249120015853,0.09834893461039776,1567457516037
5168,5168,462,Gyroscope,-0.4485651426236861,0.3001934154433085,0.16725695349121925,1567457516038
5170,5170,462,Gyroscope,-0.37412716940343366,0.495952721275453,0.22826874613866652,1567457516040
5172,5172,462,Gyroscope,-0.2966810187748113,0.6671122136901779,0.2853114437476133,1567457516042
5174,5174,462,Gyroscope,-0.20334421101780303,0.8535756583858889,0.345281922972223,1567457516045
5176,5176,462,Gyroscope,-0.09276605963054166,1.0547230447373026,0.41181098778958836,1567457516046
5178,5178,462,Gyroscope,0.02597618492139031,1.2427477283866033,0.49201592378367665,1567457516048
5180,5180,462,Gyroscope,0.1508471647912088,1.412615555408488,0.6022900888503995,1567457516051
5182,5182,462,Gyroscope,0.283782043042484,1.5773647415045065,0.748244998243568,1567457516052
5184,5184,462,Gyroscope,0.41868433520275045,1.724329266878689,0.9190837489340324,1567457516054
5186,5186,462,Gyroscope,0.550940345179313,1.8171954268968733,1.1159691305418882,1567457516057
5187,5187,462,Gyroscope,0.6735818143421444,1.8108377317208895,1.327374020393205,1567457516059
5189,5189,462,Gyroscope,0.7492469195145988,1.6254561052673009,1.4554121680246221,1567457516060
5191,5191,462,Gyroscope,0.7285943906103742,1.1958584933127334,1.3671164662019284,1567457516062
5193,5193,462,Gyroscope,0.6137806959376901,0.6311409765954625,1.0754585197668627,1567457516064
5196,5196,462,Gyroscope,0.4686778512473905,1.5773647415045065,0.7825007686496338,1567457516067
5198,5198,462,Gyroscope,0.3610676334649956,1.6254561052673009,0.6879414864311886,1567457516068
5200,5200,462,Gyroscope,0.31810167472548473,1.6781644506911615,0.8226908104766398,1567457516070
5201,5201,462,Gyroscope,0.3283242076317925,0.9117856007564731,1.0917184215857791,1567457516072
5204,5204,462,Gyroscope,0.36331185510895164,1.3379632420791818,1.3888178905418402,1567457516075
5206,5206,462,Gyroscope,0.3997617814842427,1.6781644506911615,1.6390051900726665,1567457516076
5208,5208,462,Gyroscope,0.43324078472423255,1.899579899642537,1.8058388345400223,1567457516078
5210,5210,462,Gyroscope,0.4754198104130164,2.0262140241521163,1.894738512678852,1567457516081
5212,5212,462,Gyroscope,0.5381202650130077,2.107404601205954,1.928009076925707,1567457516083
5214,5214,462,Gyroscope,0.6186892962376899,2.1599509513647073,1.9178351404613174,1567457516084
5215,5215,462,Gyroscope,0.7025964592261125,2.1641908854427956,1.8659871280676503,1567457516086
5217,5217,462,Gyroscope,0.7793104718640138,2.1062214116197966,1.7745159004232338,1567457516088
5220,5220,462,Gyroscope,0.846879786647296,2.0040711138682745,1.6549856610491214,1567457516091
5222,5222,462,Gyroscope,0.903829234421029,1.8857619138858988,1.5235015401523295,1567457516092
5223,5223,462,Gyroscope,0.9499182335788978,1.7541273834402549,1.3819609189651474,1567457516094
5225,5225,462,Gyroscope,0.9903943314826138,1.5991300383834308,1.22404668516186,1567457516096
5227,5227,462,Gyroscope,1.0289353592040116,1.4347106202747584,1.0622434593581704,1567457516099
5229,5229,462,Gyroscope,1.0632588055503862,1.2876948334910678,0.919644358512151,1567457516100
5231,5231,462,Gyroscope,1.0923997078165766,1.1597689605389883,0.795974455111939,1567457516102
5233,5233,462,Gyroscope,1.1196250415604991,1.0338806601230264,0.6704535249438821,1567457516105
5235,5235,462,Gyroscope,1.1456672260507585,0.9109236619459107,0.5377168492786605,1567457516107
5237,5237,462,Gyroscope,1.1658779942689788,0.8137886067805489,0.4176419403614817,1567457516108
5239,5239,462,Gyroscope,1.1759921358258545,0.7582359822530236,0.3259013409986909,1567457516110
5241,5241,462,Gyroscope,1.1765744196773644,0.7401668145731569,0.25366206031531796,1567457516113
5243,5243,462,Gyroscope,1.171279617687477,0.7502331035846184,0.18541256602923079,1567457516115
5245,5245,462,Gyroscope,1.163745254184317,0.7842504613463002,0.12134781903523745,1567457516116
5247,5247,462,Gyroscope,1.15485446349614,0.8418337029841128,0.06936990776669005,1567457516118
5249,5249,462,Gyroscope,1.1418393283065533,0.9240969736404545,0.026827998245794543,1567457516121
5251,5251,462,Gyroscope,1.123309769281475,1.0283635544728122,-0.015329506544623943,1567457516123
5253,5253,462,Gyroscope,1.102302144484295,1.1503379005198089,-0.059564401044955195,1567457516124
5255,5255,462,Gyroscope,1.0795390592184195,1.2962146991614105,-0.10577091023238644,1567457516126
5257,5257,462,Gyroscope,1.0513883980803942,1.4723215161487824,-0.15757846593701053,1567457516129
5259,5259,462,Gyroscope,1.0199356829929973,1.6611709961453858,-0.21468864087228495,1567457516131
5261,5261,462,Gyroscope,0.9938359764868193,1.834425517766205,-0.2712726161138711,1567457516132
5263,5263,462,Gyroscope,0.9737507952887194,1.9842391964568225,-0.327920466748682,1567457516134
5265,5265,462,Gyroscope,0.9493297885717351,2.117340194509059,-0.3914954218594217,1567457516137
5267,5267,462,Gyroscope,0.9148062970200826,2.2264583713860397,-0.4591530852210641,1567457516139
5269,5269,462,Gyroscope,0.8737557385316075,2.285622311783731,-0.5166215644431505,1567457516140
5271,5271,462,Gyroscope,0.8261514429774537,2.2733694305240135,-0.556149973242581,1567457516142
5273,5273,462,Gyroscope,0.7677891018593115,2.198024388886891,-0.5833320137610299,1567457516145
5275,5275,462,Gyroscope,0.7035609539383294,2.0976176950508165,-0.6048235497393412,1567457516147
5277,5277,462,Gyroscope,0.6419981795284851,2.0040098393759798,-0.6210833972769227,1567457516148
5279,5279,462,Gyroscope,0.5771542216181922,1.9055700708961107,-0.6301494642969463,1567457516150
5281,5281,462,Gyroscope,0.4959015471969474,1.7642736145856528,-0.6297057436854092,1567457516153
5283,5283,462,Gyroscope,0.39936259608678315,1.567567306426393,-0.6169837643640883,1567457516155
5285,5285,462,Gyroscope,0.2940689298568435,1.3252647004441638,-0.5916004339544643,1567457516156
5287,5287,462,Gyroscope,0.17085117244479564,1.0274509815391455,-0.5597771329175646,1567457516158
5290,5290,462,Gyroscope,0.020836350150650725,0.6699355123817854,-0.5325869022601238,1567457516161
5291,5291,462,Gyroscope,-0.14256993763158682,0.29881023463076206,-0.5115528026820022,1567457516163
5293,5293,462,Gyroscope,-0.3036595618351625,-0.036473177790251964,-0.4787447748534971,1567457516164
5295,5295,462,Gyroscope,-0.4616595882734188,-0.32917128132534357,-0.41662400302389835,1567457516166
5297,5297,462,Gyroscope,-0.6110236610749746,-0.5722015734475338,-0.3348134570322025,1567457516169
5299,5299,462,Gyroscope,-0.7300220904720179,-0.7455121603757391,-0.2621442438426756,1567457516170
5301,5301,462,Gyroscope,-0.790565735317555,-0.8751876099883814,-0.21943645627141023,1567457516172
5304,5304,462,Gyroscope,-0.7690336410279258,-1.0282136205006431,-0.21020668303353734,1567457516175
5306,5306,462,Gyroscope,-0.665943528133859,-1.2315521836525438,-0.22448698716476964,1567457516177
5307,5307,462,Gyroscope,-0.5108648424825789,-1.4575674918738755,-0.24361029912672685,1567457516179
5309,5309,462,Gyroscope,-0.3308442912706782,-1.6867118331662438,-0.25284072882855096,1567457516180
5311,5311,462,Gyroscope,-0.14082772434607205,-1.9194181883425032,-0.2527218922265665,1567457516182
5313,5313,462,Gyroscope,0.02844449482692491,-2.1319644936438804,-0.25251375054987807,1567457516184
5315,5315,462,Gyroscope,0.13782290472697517,-2.2808106113921944,-0.2573165552458818,1567457516186
5317,5317,462,Gyroscope,0.17711750995335598,-2.3440305493390565,-0.2662477068974324,1567457516189
5319,5319,462,Gyroscope,0.1634652553124384,-2.3271229239757774,-0.27558052940000466,1567457516191
5322,5322,462,Gyroscope,0.11790931646029663,-2.252094874481087,-0.27780739447005176,1567457516192
5324,5324,462,Gyroscope,0.06420099562625105,-2.154059024611258,-0.26201430403000747,1567457516194
5326,5326,462,Gyroscope,0.02778920041680376,-2.0625992010317162,-0.22152694131616693,1567457516196
5328,5328,462,Gyroscope,0.020419242328299426,-1.9849074061471257,-0.16323899199496295,1567457516199
5330,5330,462,Gyroscope,0.03765927891820797,-1.9168742385956643,-0.10529033254656972,1567457516201
5332,5332,462,Gyroscope,0.07262717045906536,-1.8549823445347815,-0.060087732606357414,1567457516203
5334,5334,462,Gyroscope,0.12181200027523015,-1.7923495686023825,-0.022196691865567678,1567457516204
5336,5336,462,Gyroscope,0.17911482169808315,-1.721587693285814,0.02126227351778985,1567457516206
5338,5338,462,Gyroscope,0.23387501488721985,-1.6436566717677308,0.07190784779497165,1567457516208
5340,5340,462,Gyroscope,0.27977089349607787,-1.5599757080009486,0.11951071236225086,1567457516210
5342,5342,462,Gyroscope,0.32086838261954154,-1.4646256031255271,0.1569658038970848,1567457516213
5344,5344,462,Gyroscope,0.36088546840827146,-1.362349526342095,0.1862417967157734,1567457516215
5346,5346,462,Gyroscope,0.39349302419209115,-1.2728353483744095,0.21071416597893955,1567457516217
5347,5347,462,Gyroscope,0.41534324130293143,-1.1906456300991306,0.23016815844757593,1567457516218
5349,5349,462,Gyroscope,0.43760591572840835,-1.0723206999232995,0.24252206915386465,1567457516220
5352,5352,462,Gyroscope,0.4693564614729894,-0.8949339659972242,0.24518398421712428,1567457516222
5353,5353,462,Gyroscope,0.5011675059696511,-0.6938760635026497,0.2359198850962646,1567457516225
5355,5355,462,Gyroscope,0.5194644523752461,-0.5152245851945902,0.2135783113429432,1567457516227
5357,5357,462,Gyroscope,0.5268795914239249,-0.36562760104548514,0.1781839439929328,1567457516229
5359,5359,462,Gyroscope,0.5342971108759738,-0.23519391159194467,0.1349817090439378,1567457516230
5361,5361,462,Gyroscope,0.5384920166369693,-0.134797881074483,0.09675486621676119,1567457516232
5364,5364,462,Gyroscope,0.5228714319021115,-0.07649171606959887,0.07257524507036815,1567457516234
5365,5365,462,Gyroscope,0.4814617522624678,-0.04064783940595701,0.05614263277617791,1567457516237
5367,5367,462,Gyroscope,0.4276316699842099,0.0043970472948253675,0.034516564638370925,1567457516239
5369,5369,462,Gyroscope,0.3716721997333746,0.060448396929462744,0.0028620928523568033,1567457516241
5372,5372,462,Gyroscope,0.30085125108369226,0.09644197553025319,-0.03870342151600328,1567457516242
5374,5374,462,Gyroscope,0.1953367818003185,0.08200437762345011,-0.09280407616904363,1567457516244
5376,5376,462,Gyroscope,0.057328785164411936,0.010809006617366177,-0.15779631287996213,1567457516246
5377,5377,462,Gyroscope,-0.09603197737693536,-0.11204777809132488,-0.22465079820949896,1567457516249
5379,5379,462,Gyroscope,-0.26093566908366167,-0.28444958693282263,-0.2902464456618119,1567457516251
5381,5381,462,Gyroscope,-0.44032460788833044,-0.4911619572129974,-0.3601746776969377,1567457516253
5383,5383,462,Gyroscope,-0.6255367324501642,-0.7047512480737442,-0.43505205329884633,1567457516254
5385,5385,462,Gyroscope,-0.8125614858711668,-0.9225484585009076,-0.5082323409589942,1567457516256
5388,5388,462,Gyroscope,-1.0071497251100512,-1.158742143168759,-0.5741220214657416,1567457516258
5390,5390,462,Gyroscope,-1.195970484648918,-1.3944151642022238,-0.6287028154017673,1567457516261
5392,5392,462,Gyroscope,-1.3518598767600256,-1.5926274107007468,-0.6664301487720615,1567457516263
5394,5394,462,Gyroscope,-1.4733621285501566,-1.7565217191997642,-0.6798003109067541,1567457516265
5396,5396,462,Gyroscope,-1.5822730133650964,-1.917135456606265,-0.6635644409171192,1567457516267
5398,5398,462,Gyroscope,-1.6844962556439456,-2.075699033894279,-0.6215974840545229,1567457516268
5400,5400,462,Gyroscope,-1.7623755791400717,-2.2037885527120036,-0.5568226590006418,1567457516270
5402,5402,462,Gyroscope,-1.8034670509940445,-2.2894637741837043,-0.45382774110912283,1567457516272
5404,5404,462,Gyroscope,-1.8149054279838945,-2.3453927006975652,-0.29932381812868525,1567457516275
5406,5406,462,Gyroscope,-1.8078230390883034,-2.379963523743224,-0.11706979244669113,1567457516277
5407,5407,462,Gyroscope,-1.7834155484467926,-2.389397140166087,0.05458670415856549,1567457516279
5409,5409,462,Gyroscope,-1.736360529281849,-2.3664988560564906,0.21306677467317933,1567457516281
5411,5411,462,Gyroscope,-1.6633249914237398,-2.3003435348260806,0.37935742972810077,1567457516282
5414,5414,462,Gyroscope,-1.5684758034668693,-2.184724368684449,0.545642544170418,1567457516284
5416,5416,462,Gyroscope,-1.4588002827208317,-2.0283016300371597,0.6817050054573517,1567457516286
5418,5418,462,Gyroscope,-1.3332727063314005,-1.841140564492986,0.7897482437824059,1567457516289
5420,5420,462,Gyroscope,-1.1921866194799375,-1.629601277132302,0.9043545181924129,1567457516291
5422,5422,462,Gyroscope,-1.0560528191848944,-1.4128618486710538,1.0363907029949644,1567457516292
5423,5423,462,Gyroscope,-0.9486868138229323,-1.2110739429236892,1.1594778820546314,1567457516294
5426,5426,462,Gyroscope,-0.8630163490647536,-1.014320874436129,1.2509616114543582,1567457516296
5428,5428,462,Gyroscope,-0.7719981971258925,-0.7993026121757156,1.3129816571219786,1567457516299
5430,5430,462,Gyroscope,-0.6709349426684553,-0.574649269963136,1.3562109156648945,1567457516301
5432,5432,462,Gyroscope,-0.5790301003070777,-0.37426500775270677,1.3858892093251207,1567457516303
5433,5433,462,Gyroscope,-0.5006111546024966,-0.21200083610385834,1.4054472055804608,1567457516305
5435,5435,462,Gyroscope,-0.41974245661742543,-0.07914928577788226,1.421702266811864,1567457516306
5437,5437,462,Gyroscope,-0.33479480077464147,0.028427896169691335,1.438544360633734,1567457516308
5439,5439,462,Gyroscope,-0.26334613785179284,0.11782683669976832,1.4484655828421005,1567457516310
5441,5441,462,Gyroscope,-0.21119546343146173,0.20797445398384654,1.4401527481509828,1567457516312
5444,5444,462,Gyroscope,-0.16474625259596132,0.3012932266323135,1.414693357396383,1567457516315
5446,5446,462,Gyroscope,-0.11424863355689927,0.3778593687787678,1.3822372766600006,1567457516317
5448,5448,462,Gyroscope,-0.06413403062696624,0.4326776572195751,1.34062977072777,1567457516319
5450,5450,462,Gyroscope,-0.0185563702863063,0.48621700574448645,1.2741624190201932,1567457516320
5452,5452,462,Gyroscope,0.027296868798824373,0.5494731183710684,1.1780539836046713,1567457516322
5454,5454,462,Gyroscope,0.07554168186213518,0.6011911181321934,1.0606583993899559,1567457516324
5455,5455,462,Gyroscope,0.11698188073635941,0.6074128724633292,0.9180476683266674,1567457516327
5457,5457,462,Gyroscope,0.1395715149038514,0.5572091870747982,0.7401297673350599,1567457516329
5459,5459,462,Gyroscope,0.13847500893691042,0.4754312554439816,0.5433881298134768,1567457516331
5461,5461,462,Gyroscope,0.11905735644395968,0.396076313134173,0.3603623031746609,1567457516333
5464,5464,462,Gyroscope,0.09554305933003938,0.324687954795878,0.19919451227093338,1567457516334
5466,5466,462,Gyroscope,0.0816330556082884,0.2414175728484096,0.045430313696345655,1567457516336
5468,5468,462,Gyroscope,0.0803348981108587,0.14283414747056566,-0.10588731063536727,1567457516339
5470,5470,462,Gyroscope,0.08863051863825186,0.056089312117538925,-0.2509183089708267,1567457516341
5472,5472,462,Gyroscope,0.10468791965225605,0.003917059284851252,-0.3981128124886719,1567457516343
5474,5474,462,Gyroscope,0.12105148289455585,-0.018126521025229277,-0.5590979445011375,1567457516345
5476,5476,462,Gyroscope,0.1281951919506845,-0.024977723372455934,-0.7324846645012362,1567457516346
5478,5478,462,Gyroscope,0.13953157411973163,-0.0320896495262349,-0.9128955050094512,1567457516348
5480,5480,462,Gyroscope,0.18871115314204345,-0.06547396389925382,-1.0883240093331812,1567457516350
5482,5482,462,Gyroscope,0.28436565565013827,-0.15400543444914247,-1.2275136495694046,1567457516353
5484,5484,462,Gyroscope,0.3912954352399552,-0.3043070673680478,-1.3014033315167808,1567457516355
5486,5486,462,Gyroscope,0.4687078514999993,-0.4966488403210645,-1.3018051893426152,1567457516357
5488,5488,462,Gyroscope,0.5038704975962854,-0.7023530807892538,-1.2263226816274548,1567457516358
5490,5490,462,Gyroscope,0.501206970951253,-0.8900933846465077,-1.0800366392108067,1567457516360
5492,5492,462,Gyroscope,0.4625530130240195,-1.0241730989261328,-0.8848996822528186,1567457516362
5494,5494,462,Gyroscope,0.39326336693563185,-1.07998808169681,-0.653548566339913,1567457516365
5496,5496,462,Gyroscope,0.3161659522364839,-1.0603015891633265,-0.3837934617278999,1567457516367
5498,5498,462,Gyroscope,0.26055573603204285,-0.9864009731500968,-0.09812705196010982,1567457516369
5500,5500,462,Gyroscope,0.23416352001870674,-0.8783012768882847,0.16038676383496153,1567457516371
5502,5502,462,Gyroscope,0.21729488394150834,-0.7415728378691671,0.3833568822171096,1567457516372
5504,5504,462,Gyroscope,0.18831984544152716,-0.5684745405240563,0.6010287665286473,1567457516374
5506,5506,462,Gyroscope,0.1467591974987777,-0.36029707537623573,0.821881356968435,1567457516377
5508,5508,462,Gyroscope,0.10900137443805273,-0.14012055566972784,1.0042097529455933,1567457516379
5510,5510,462,Gyroscope,0.08870284514314976,0.06927584439037643,1.0990500831399417,1567457516381
5512,5512,462,Gyroscope,0.08697676691338932,0.25785432810771947,1.0968316529597306,1567457516383
5514,5514,462,Gyroscope,0.09883683496388643,0.4115457860078642,1.0216548844722708,1567457516384
5516,5516,462,Gyroscope,0.11842399006541912,0.5120828044048924,0.8962227857383227,1567457516386
5518,5518,462,Gyroscope,0.13257960985018638,0.5525852702265469,0.7196603637806496,1567457516388
5520,5520,462,Gyroscope,0.12287432148891193,0.5370754624666401,0.48159227007945027,1567457516391
5522,5522,462,Gyroscope,0.08500960264278437,0.4784276630831481,0.19954802367563976,1567457516393
5524,5524,462,Gyroscope,0.03144433313082455,0.3989902073865328,-0.085662466970133,1567457516395
5526,5526,462,Gyroscope,-0.03220079149263593,0.3175411389195554,-0.3596181393651794,1567457516396
5528,5528,462,Gyroscope,-0.11013085546749314,0.24308362544105555,-0.6328554780689347,1567457516398
5530,5530,462,Gyroscope,-0.19113736387876834,0.18763210188351614,-0.8966437226661086,1567457516400
5532,5532,462,Gyroscope,-0.24773634682079054,0.16994800915416908,-1.1355344723826943,1567457516403
5534,5534,462,Gyroscope,-0.2659878865066038,0.20281408308514604,-1.3564744003494438,1567457516405
5536,5536,462,Gyroscope,-0.25763213457362877,0.2835903457597174,-1.5618383940250935,1567457516407
5537,5537,462,Gyroscope,-0.24213588812385134,0.3956701749873656,-1.7359424012568703,1567457516409
5539,5539,462,Gyroscope,-0.22858062197791867,0.5198889335613165,-1.8801879764879794,1567457516410
5541,5541,462,Gyroscope,-0.21542966241064732,0.6463128659868032,-2.016998667095515,1567457516412
5543,5543,462,Gyroscope,-0.19946028276392752,0.7694703171461047,-2.1518684812368316,1567457516415
5545,5545,462,Gyroscope,-0.17819110604035893,0.8774508781782264,-2.2681970139864918,1567457516417
5547,5547,462,Gyroscope,-0.14786522719378103,0.9571092420083969,-2.3595625554653035,1567457516419
5549,5549,462,Gyroscope,-0.10804706657474716,1.0043533846902406,-2.4371862939081113,1567457516420
5551,5551,462,Gyroscope,-0.06176211406589742,1.026258974847927,-2.5090838908391695,1567457516422
5553,5553,462,Gyroscope,-0.0030951967994688736,1.0430990692263,-2.5753955921420824,1567457516424
5555,5555,462,Gyroscope,0.08040010624108158,1.0826466682212086,-2.6365907521473453,1567457516427
5557,5557,462,Gyroscope,0.18399373996368878,1.1587252853581131,-2.691343288599756,1567457516429
5559,5559,462,Gyroscope,0.2840247136270324,1.260602964593676,-2.734900652265398,1567457516431
5561,5561,462,Gyroscope,0.36888780803033366,1.3715336009934826,-2.76234070669536,1567457516432
5563,5563,462,Gyroscope,0.45224113885898287,1.4868292728147807,-2.767273789866383,1567457516434
5565,5565,462,Gyroscope,0.5448764132812338,1.5996125654069862,-2.744285433906255,1567457516437
5567,5567,462,Gyroscope,0.6304822498225224,1.680763127234243,-2.695630334967865,1567457516439
5569,5569,462,Gyroscope,0.6833209569126977,1.7001344006771937,-2.627783589320549,1567457516440
5571,5571,462,Gyroscope,0.6977426124795336,1.665168713755616,-2.5466968750729113,1567457516442
5573,5573,462,Gyroscope,0.687373062263914,1.612896304066611,-2.4653455527232278,1567457516445
5575,5575,462,Gyroscope,0.6640237592813063,1.5625674630309363,-2.4006943745432228,1567457516447
5577,5577,462,Gyroscope,0.6253266901887718,1.493473091123903,-2.345275599159879,1567457516449
5580,5580,462,Gyroscope,0.5601984693831493,1.3741542010700174,-2.2610653326619463,1567457516450
5582,5582,462,Gyroscope,0.4678533141493695,1.2077871946526637,-2.12652194814843,1567457516452
5584,5584,462,Gyroscope,0.3691939865546881,1.0382524540004092,-1.9661381704863954,1567457516455
5586,5586,462,Gyroscope,0.6253266901887718,0.9099843728812427,-1.810762461482633,1567457516457
5588,5588,462,Gyroscope,0.26298274794677434,0.8405681226276511,-1.6639997835105156,1567457516459
5590,5590,462,Gyroscope,0.28537048176059177,0.831000482009999,-1.5256882502123856,1567457516460
5592,5592,462,Gyroscope,0.35384407432356346,0.872312582813298,-1.404919018214568,1567457516462
5593,5593,462,Gyroscope,0.44806445338820095,0.943754444138311,-1.2960239640725206,1567457516465
5596,5596,462,Gyroscope,0.5503895658917071,1.02753755658817,-1.1809296724535778,1567457516467
5598,5598,462,Gyroscope,0.6498918911771854,1.113080984012963,-1.060095306343829,1567457516469
5600,5600,462,Gyroscope,0.7312989775355456,1.1765327871462805,-0.9459967834917905,1567457516470
5602,5602,462,Gyroscope,0.7807771888239358,1.1852385964232157,-0.8303784052036429,1567457516472
5604,5604,462,Gyroscope,0.8013236586018344,1.1341421525826785,-0.6965498506688625,1567457516475
5606,5606,462,Gyroscope,0.8059692741215438,1.0519098849729358,-0.556994843765672,1567457516477
5608,5608,462,Gyroscope,0.8032782312982041,0.96525780403188,-0.44011019623591924,1567457516479
5610,5610,462,Gyroscope,0.800624129445586,0.879130982094682,-0.34778212829703214,1567457516481
5611,5611,462,Gyroscope,0.8083201538918128,0.7931812766086279,-0.2587555312257839,1567457516482
5614,5614,462,Gyroscope,0.8295578297373281,0.715149164870779,-0.16550319348144796,1567457516484
5616,5616,462,Gyroscope,0.8566837487558616,0.6499295143255321,-0.08013521782299884,1567457516487
5618,5618,462,Gyroscope,0.8830188508698629,0.5909218499668284,-0.008550610012112948,1567457516489
5620,5620,462,Gyroscope,0.9088654122416946,0.5319581629022,0.057963469231145204,1567457516491
5622,5622,462,Gyroscope,0.9345653331811161,0.474944458021032,0.12843814224769529,1567457516492
5624,5624,462,Gyroscope,0.9566750403329501,0.41938719934646446,0.20753739188037054,1567457516494
5626,5626,462,Gyroscope,0.971696343188709,0.3620826986414266,0.2978018344285011,1567457516497
5628,5628,462,Gyroscope,0.9787527928981132,0.31083696140185646,0.39353810364808817,1567457516499
5630,5630,462,Gyroscope,0.9775529847634745,0.27783723340547484,0.4824248275007008,1567457516501
5632,5632,462,Gyroscope,0.9637504894485778,0.2582588563676367,0.55932536571676,1567457516503
5634,5634,462,Gyroscope,0.9299613100536532,0.23412348859883153,0.6281939343411246,1567457516504
5636,5636,462,Gyroscope,0.8755322688090242,0.19748560109926827,0.6886994214389952,1567457516506
5638,5638,462,Gyroscope,0.8084391418899534,0.15375896581296575,0.7320415033218329,1567457516509
5640,5640,462,Gyroscope,0.7334068772561031,0.10672460340888429,0.7538158654581418,1567457516511
5642,5642,462,Gyroscope,0.6498637480443035,0.05653905492704116,0.7613844205497828,1567457516513
5644,5644,462,Gyroscope,0.5638261426522339,0.008492766412441233,0.7631676534113965,1567457516514
5646,5646,462,Gyroscope,0.48695913887967546,-0.030282761742240302,0.7598548936951188,1567457516517
5648,5648,462,Gyroscope,0.4221671219030955,-0.05952724568677666,0.7511632451018304,1567457516519
5650,5650,462,Gyroscope,0.3619607425569168,-0.08317724023267649,0.7419342550935023,1567457516521
5652,5652,462,Gyroscope,0.30105212648789526,-0.1023815991947617,0.7368788478083395,1567457516523
5654,5654,462,Gyroscope,0.24134684292384534,-0.11544228973951003,0.7361804360785602,1567457516524
5656,5656,462,Gyroscope,0.18556653610253698,-0.12130181186336539,0.7383074980770764,1567457516527
5658,5658,462,Gyroscope,0.13524840764050786,-0.11953130884689536,0.7416863107924483,1567457516529
5660,5660,462,Gyroscope,0.09351517501305387,-0.10636819350862288,0.7437757599596997,1567457516531
5662,5662,462,Gyroscope,0.06113681876734672,-0.07503474551605827,0.742661303499236,1567457516533
5664,5664,462,Gyroscope,0.0341448297909532,-0.024827365346213465,0.7379234328351396,1567457516534
5666,5666,462,Gyroscope,0.012149367371522998,0.034699654455929,0.7283880865342214,1567457516537
5668,5668,462,Gyroscope,0.0005617981456757257,0.0941097583832626,0.7129789125700554,1567457516539
5670,5670,462,Gyroscope,-0.0015703338156564171,0.15241395305786953,0.6937609287815047,1567457516541
5672,5672,462,Gyroscope,-0.005541038971877291,0.21099512138241433,0.6739362939844027,1567457516543
5674,5674,462,Gyroscope,-0.018130241490093048,0.26762029677749755,0.6553838912960247,1567457516544
5676,5676,462,Gyroscope,-0.03307487051350249,0.3199007364330116,0.6419659365723355,1567457516546
5678,5678,462,Gyroscope,-0.044939199537746374,0.3648158597517252,0.6389191620733395,1567457516549
5680,5680,462,Gyroscope,-0.06077621836046438,0.3916392777941778,0.642846561219792,1567457516551
5681,5681,462,Gyroscope,-0.08887117544002551,0.38682732714781093,0.6389811297082653,1567457516553
5683,5683,462,Gyroscope,-0.12843967507459533,0.3436435168199613,0.6148134157239988,1567457516555
5685,5685,462,Gyroscope,-0.18218214704204788,0.24981818545911755,0.5704643155184831,1567457516556
5687,5687,462,Gyroscope,-0.2625966223837429,0.08346364838720319,0.5134534486154391,1567457516559
5689,5689,462,Gyroscope,-0.36967621878543827,-0.145644103734597,0.4535259887442936,1567457516561
5691,5691,462,Gyroscope,-0.48180677728595867,-0.3789987637131719,0.40358742233855216,1567457516563
5693,5693,462,Gyroscope,-0.5847141519043407,-0.5716167584971774,0.3732300875963753,1567457516565
5695,5695,462,Gyroscope,-0.6854803024804558,-0.7352614721560012,0.35950720168078265,1567457516566
5697,5697,462,Gyroscope,-0.7879904822312396,-0.8950268687124672,0.35154557450369717,1567457516568
5699,5699,462,Gyroscope,-0.8859768756244146,-1.052661384223256,0.3404799312317656,1567457516571
5701,5701,462,Gyroscope,-0.9880780863681233,-1.2112469875974015,0.3188463652676625,1567457516573
5703,5703,462,Gyroscope,-1.114550933413366,-1.3847099009288297,0.2803259307580122,1567457516575
5705,5705,462,Gyroscope,-1.2557721700101008,-1.5590634640691214,0.23313555944825587,1567457516576
5707,5707,462,Gyroscope,-1.365403533119755,-1.681728262773915,0.20688317483416419,1567457516578
5709,5709,462,Gyroscope,-1.412966153037381,-1.7168969380487702,0.22835866648698708,1567457516581
5711,5711,462,Gyroscope,-1.414385335351969,-1.6837321776031984,0.2924637909822536,1567457516583
5713,5713,462,Gyroscope,-1.3914112371705376,-1.609864721809994,0.37683044394510873,1567457516585
5715,5715,462,Gyroscope,-1.3351300906323478,-1.4798119842941033,0.47934591116220016,1567457516586
5718,5718,462,Gyroscope,-1.2362354421575918,-1.2739215744271162,0.61161193432549,1567457516588
5720,5720,462,Gyroscope,-1.119554781350609,-1.0276890725508958,0.7625115971017286,1567457516591
5722,5722,462,Gyroscope,-1.016324832416999,-0.7956586681720434,0.9042717644563573,1567457516593
5724,5724,462,Gyroscope,-0.9222494496099065,-0.5747491346122047,1.0301233163528531,1567457516595
5726,5726,462,Gyroscope,-0.8121205017888484,-0.32009598928926497,1.1538319950442517,1567457516596
5728,5728,462,Gyroscope,-0.6844400224101356,-0.027789310026909424,1.273207688511798,1567457516599
5730,5730,462,Gyroscope,-0.5624849791064924,0.2583340275478173,1.3610534031598336,1567457516601
5731,5731,462,Gyroscope,-0.45645077207667206,0.5185934147758406,1.398218217916075,1567457516603
5734,5734,462,Gyroscope,-0.35674123053990947,0.766805149870945,1.3937285194722806,1567457516605
5736,5736,462,Gyroscope,-0.2622864478980918,0.990351982991482,1.3621347090908662,1567457516606
5738,5738,462,Gyroscope,-0.18375912224970076,1.1497224297870052,1.3027440332917735,1567457516608
5739,5739,462,Gyroscope,-0.12303330735377024,1.2303905941227213,1.2147218779297337,1567457516610
5741,5741,462,Gyroscope,-0.07302748467648024,1.2480236956756092,1.1124632016648413,1567457516613
5743,5743,462,Gyroscope,-0.029141570267422943,1.2226297746004033,1.010555548543623,1567457516615
5745,5745,462,Gyroscope,0.011690917626031012,1.1724923793215227,0.9062084584383552,1567457516617
5747,5747,462,Gyroscope,0.0518590372233292,1.1119068675122974,0.7896416540048199,1567457516618
5749,5749,462,Gyroscope,0.08697410316475353,1.0442166415300056,0.6672253829967022,1567457516621
5751,5751,462,Gyroscope,0.10779748696643204,0.9632351329992146,0.5610794820488665,1567457516623
5753,5753,462,Gyroscope,0.11128313563452089,0.8604470543592897,0.48047739223136987,1567457516625
5756,5756,462,Gyroscope,0.10462914933915116,0.7370880744333259,0.40718716093187723,1567457516627
5758,5758,462,Gyroscope,0.09684239605992626,0.6111056181055132,0.3215971035053971,1567457516628
5760,5760,462,Gyroscope,0.0904052174494039,0.49910283145253764,0.2303992950189679,1567457516630
5762,5762,462,Gyroscope,0.08361918493209788,0.3945691335441506,0.15280528745462188,1567457516633
5763,5763,462,Gyroscope,0.07758601516008208,0.28127429231210377,0.09198957835607519,1567457516635
5765,5765,462,Gyroscope,0.07714120607373887,0.16320593879216017,0.03808671072865885,1567457516637
5767,5767,462,Gyroscope,0.08570868100253265,0.05944474440496979,-0.011824427064958409,1567457516639
5769,5769,462,Gyroscope,0.10114913043447968,-0.02850958923905799,-0.05464618810925379,1567457516640
5771,5771,462,Gyroscope,0.11803844500454813,-0.11618299360327568,-0.09353847295033518,1567457516643
5773,5773,462,Gyroscope,0.13389272730156934,-0.20190457285486552,-0.1357553326172582,1567457516645
5775,5775,462,Gyroscope,0.14845879801171702,-0.26746234617777254,-0.18238811828151436,1567457516647
5777,5777,462,Gyroscope,0.15624916062937416,-0.3166323519021201,-0.2258679505607281,1567457516649
5779,5779,462,Gyroscope,0.14980987941829516,-0.3767686165435566,-0.2573852938878375,1567457516650
5782,5782,462,Gyroscope,0.13292021434052798,-0.4547626764055205,-0.2778036183277526,1567457516653
5784,5784,462,Gyroscope,0.11876048372855352,-0.5233253866412888,-0.2993514263280709,1567457516655
5785,5785,462,Gyroscope,0.11333685203924704,-0.5583766708526088,-0.33224353228565495,1567457516657
5788,5788,462,Gyroscope,0.11230434511939973,-0.5622279664984755,-0.37201440863572516,1567457516659
5790,5790,462,Gyroscope,0.1135916562182254,-0.5448462085914992,-0.4057119340745102,1567457516660
5791,5791,462,Gyroscope,0.12103100379401174,-0.506403393334135,-0.42833499464834984,1567457516662
5793,5793,462,Gyroscope,0.13421402350178785,-0.4411485885584046,-0.4459094091780901,1567457516665
5795,5795,462,Gyroscope,0.14440212356482074,-0.34598856037446835,-0.4637863939924306,1567457516667
5797,5797,462,Gyroscope,0.14394612101985071,-0.23012918164551427,-0.4799994800022297,1567457516669
5799,5799,462,Gyroscope,0.13369338904809921,-0.11520957574557147,-0.49019835028267245,1567457516671
5801,5801,462,Gyroscope,0.1181738856630212,-0.014509855433181736,-0.493161895460976,1567457516673
5803,5803,462,Gyroscope,0.09853894687037887,0.07590461983586036,-0.4911254458558519,1567457516675
5805,5805,462,Gyroscope,0.07259230735131403,0.15585788634146092,-0.4875866070570504,1567457516677
5807,5807,462,Gyroscope,0.038381062863185364,0.21202068327410745,-0.4852135067737221,1567457516679
5809,5809,462,Gyroscope,-0.0027136021343828042,0.23723287291888717,-0.48571570847685774,1567457516680
5811,5811,462,Gyroscope,-0.04522285731310215,0.24020796775224063,-0.4906924227485327,1567457516682
5814,5814,462,Gyroscope,-0.0838579116040477,0.23256291095936066,-0.5004249560797529,1567457516685
5816,5816,462,Gyroscope,-0.11870133252761142,0.21672087782545627,-0.5128010148857738,1567457516687
5818,5818,462,Gyroscope,-0.15343356606504535,0.18943626771812044,-0.5258748206262489,1567457516689
5820,5820,462,Gyroscope,-0.18826942579250733,0.1536622781313023,-0.5402825964559494,1567457516690
5822,5822,462,Gyroscope,-0.21719016409440334,0.11912476347134324,-0.5577373472334138,1567457516693
5823,5823,462,Gyroscope,-0.23332236126647654,0.0887288213719609,-0.5789466237544348,1567457516695
5825,5825,462,Gyroscope,-0.23568293049820915,0.055896260772652244,-0.6031176296265366,1567457516697
5827,5827,462,Gyroscope,-0.22957584198546238,0.018774913181426527,-0.6270821682598287,1567457516699
5830,5830,462,Gyroscope,-0.22037169844682916,-0.017353392684233453,-0.6454784118095791,1567457516700
5832,5832,462,Gyroscope,-0.20661070369515094,-0.05490588139118251,-0.6548790423764368,1567457516703
5834,5834,462,Gyroscope,-0.18182191212905177,-0.10543106805031396,-0.6581802678789063,1567457516705
5836,5836,462,Gyroscope,-0.14593926942690194,-0.17111321796425785,-0.6624916260435401,1567457516707
5837,5837,462,Gyroscope,-0.10883427506032436,-0.23816428782969387,-0.6715854229364251,1567457516709
5839,5839,462,Gyroscope,-0.07753615978224565,-0.29336859775718116,-0.6820406379554366,1567457516711
5841,5841,462,Gyroscope,-0.0490147511237375,-0.3340297279482475,-0.687596326578935,1567457516712
5843,5843,462,Gyroscope,-0.0206195487987767,-0.357246735197554,-0.68573512988431,1567457516715
5845,5845,462,Gyroscope,0.0036341651300986146,-0.35416503958637513,-0.6787287154442366,1567457516717
5847,5847,462,Gyroscope,0.021320713411172157,-0.3222876173528132,-0.6684914860632347,1567457516719
5849,5849,462,Gyroscope,0.03527822451417689,-0.27325504762499003,-0.6532966743409165,1567457516721
5851,5851,462,Gyroscope,0.04642197844921575,-0.22061405371374138,-0.6321618639578317,1567457516723
5853,5853,462,Gyroscope,0.05154308384683528,-0.1639802564524092,-0.6076224387877823,1567457516724
5855,5855,462,Gyroscope,0.04971367221916663,-0.0932214421576642,-0.5800810780499182,1567457516727
5857,5857,462,Gyroscope,0.04515064860776542,-0.009920163444675875,-0.5457518372021203,1567457516729
5859,5859,462,Gyroscope,0.04332280336244089,0.06491318067328415,-0.5015888118956109,1567457516731
5861,5861,462,Gyroscope,0.04750920751491254,0.11109544063030516,-0.44634746782093926,1567457516733
5863,5863,462,Gyroscope,0.05809880803224822,0.128765728788743,-0.38271970497665786,1567457516735
5866,5866,462,Gyroscope,0.07227062176449571,0.13338753078585522,-0.3232542090837569,1567457516736
5868,5868,462,Gyroscope,0.08574610509509555,0.13833429427367824,-0.2806873379714281,1567457516739
5870,5870,462,Gyroscope,0.09790598291351792,0.14137079954552306,-0.2473004357969022,1567457516741
5872,5872,462,Gyroscope,0.1135550419649402,0.1265731825546607,-0.2006482155838879,1567457516743
5874,5874,462,Gyroscope,0.13661355203262712,0.08514403018397762,-0.1344000303256022,1567457516745
5876,5876,462,Gyroscope,0.164483887095906,0.024318193770247423,-0.06322405506064138,1567457516747
5878,5878,462,Gyroscope,0.19178356207860314,-0.055572197390860965,0.0064053564727035136,1567457516748
5879,5879,462,Gyroscope,0.21725326882603602,-0.17235461552624576,0.08267817463872981,1567457516750
5882,5882,462,Gyroscope,0.24454230204067096,-0.33339224335869794,0.16099485225952925,1567457516753
5883,5883,462,Gyroscope,0.27618279476517976,-0.5151520724439222,0.22234336055259957,1567457516755
5885,5885,462,Gyroscope,0.3062662895523329,-0.6872296501029612,0.2669141791379031,1567457516757
5887,5887,462,Gyroscope,0.3219244621156163,-0.840718519457158,0.31817878379307013,1567457516759
5889,5889,462,Gyroscope,0.31517744377731727,-0.9721180219058447,0.38292428482175817,1567457516761
5891,5891,462,Gyroscope,0.2888663722645082,-1.051303822755856,0.4374747094370083,1567457516763
5893,5893,462,Gyroscope,0.24963055316543753,-1.0438578918482326,0.46952676679690436,1567457516764
5895,5895,462,Gyroscope,0.20197298693884996,-0.9653276044640005,0.5062547651136476,1567457516767
5897,5897,462,Gyroscope,0.14769908191844394,-0.8660428820462256,0.5826844607486497,1567457516769
5899,5899,462,Gyroscope,0.08511601797248966,-0.7601618591498649,0.6997893043819563,1567457516771
5902,5902,462,Gyroscope,0.01415584355068991,-0.6222415196567332,0.8226329354249269,1567457516773
5904,5904,462,Gyroscope,-0.056363726047702734,-0.45098034864899417,0.9115438948353101,1567457516774
5906,5906,462,Gyroscope,-0.11637458770774534,-0.2801089762897996,0.9551301450522909,1567457516777
5908,5908,462,Gyroscope,-0.16662816793364182,-0.12732305729381116,0.9722303442590373,1567457516779
5910,5910,462,Gyroscope,-0.2128092649785065,0.020276153269277584,0.9827332379031337,1567457516781
5911,5911,462,Gyroscope,-0.2541553856559442,0.16992181549516894,0.9907300936666128,1567457516783
5913,5913,462,Gyroscope,-0.28789781792213526,0.30856864628165864,0.9965908799970264,1567457516785
5915,5915,462,Gyroscope,-0.3175326756830236,0.4253543254061226,1.004470427793838,1567457516787
5917,5917,462,Gyroscope,-0.3469266878537535,0.5204527011776009,1.0125875967737392,1567457516789
5919,5919,462,Gyroscope,-0.3718586089263973,0.5914128028032629,1.0126513355153612,1567457516791
5921,5921,462,Gyroscope,-0.38525064832884837,0.6326595069194022,1.003750753981517,1567457516793
5923,5923,462,Gyroscope,-0.38682850285658577,0.6469307063484879,0.9949235633571352,1567457516795
5925,5925,462,Gyroscope,-0.38233196958351834,0.6445778811732137,0.9914041091765031,1567457516797
5927,5927,462,Gyroscope,-0.3755818517293463,0.636844303379844,0.988247497429079,1567457516799
5929,5929,462,Gyroscope,-0.36640648846274115,0.6327492349778566,0.980996077761418,1567457516800
5931,5931,462,Gyroscope,-0.3590969979313723,0.6301722994881266,0.9766430622151065,1567457516803
5933,5933,462,Gyroscope,-0.36751183971805873,0.6078274768008667,0.989772928201651,1567457516805
5935,5935,462,Gyroscope,-0.40290201701077577,0.5408681223967382,1.0289975416938426,1567457516807
5937,5937,462,Gyroscope,-0.4633703976994608,0.4242874234096011,1.0891543927321612,1567457516809
5939,5939,462,Gyroscope,-0.5472890823206333,0.2633009911294132,1.1558450838994676,1567457516811
5941,5941,462,Gyroscope,-0.66218316211029,0.05445691597263066,1.2142805176814455,1567457516813
5943,5943,462,Gyroscope,-0.8021587926071956,-0.19219512561768803,1.252749179855004,1567457516814
5945,5945,462,Gyroscope,-0.93665692204594,-0.436706828547924,1.2635534185763475,1567457516817
5947,5947,462,Gyroscope,-1.0402721303381743,-0.6500181227789809,1.24803603759504,1567457516819
5949,5949,462,Gyroscope,-1.1118607275415053,-0.8368133384182299,1.2180620711031698,1567457516821
5951,5951,462,Gyroscope,-1.1541870914304813,-0.9973893193327126,1.184923950054927,1567457516823
5953,5953,462,Gyroscope,-1.1607477277162153,-1.1125480280097182,1.149340314890154,1567457516825
5955,5955,462,Gyroscope,-1.1301954325137933,-1.1753116002499246,1.1088712387886768,1567457516826
5957,5957,462,Gyroscope,-1.0741356078186914,-1.200090599088474,1.0687466209432324,1567457516829
5959,5959,462,Gyroscope,-1.0039062303977149,-1.199863207642565,1.035701277738206,1567457516831
5961,5961,462,Gyroscope,-0.9174767410845639,-1.1725134516714018,1.006835075884577,1567457516833
5963,5963,462,Gyroscope,-0.8065977361687643,-1.1095790800174261,0.974607943961523,1567457516835
5965,5965,462,Gyroscope,-0.6762147536496739,-1.0149790043667362,0.9386079791378549,1567457516837
5967,5967,462,Gyroscope,-0.5422383402759048,-0.9045901506831706,0.9026589609489786,1567457516838
5969,5969,462,Gyroscope,-0.40749119257302313,-0.7840188912520527,0.8639228183358794,1567457516841
5971,5971,462,Gyroscope,-0.2637048619016116,-0.6498675344384299,0.8169537009005368,1567457516843
5973,5973,462,Gyroscope,-0.11845595833642328,-0.5148284548978412,0.7667509635465453,1567457516845
5975,5975,462,Gyroscope,0.009762344953094446,-0.402385797057831,0.7237298079524553,1567457516847
5977,5977,462,Gyroscope,0.12228289478868977,-0.3186764786323695,0.6855704909657956,1567457516849
5979,5979,462,Gyroscope,0.2377544410183321,-0.25328196381726564,0.6386668025745259,1567457516851
5981,5981,462,Gyroscope,0.36056238923719885,-0.20149242850774093,0.5791704085871445,1567457516852
5983,5983,462,Gyroscope,0.47573610342976935,-0.16888467381391015,0.5171688136693426,1567457516855
5985,5985,462,Gyroscope,0.5739547305342464,-0.15796645835549272,0.45796928193344,1567457516857
5988,5988,462,Gyroscope,0.6591422786789533,-0.16219797221841126,0.396542588440739,1567457516859
5990,5990,462,Gyroscope,0.7334960882063419,-0.1752216431196809,0.3318662142618094,1567457516861
5992,5992,462,Gyroscope,0.7959196472330097,-0.19778197678173623,0.26983272277720916,1567457516863
5993,5993,462,Gyroscope,0.8493214608581195,-0.23035494519154995,0.21309331911362467,1567457516865
5995,5995,462,Gyroscope,0.8942278585569823,-0.2659848245385984,0.16106649543075202,1567457516867
5997,5997,462,Gyroscope,0.9254645957805114,-0.2969536158362778,0.11565535555415753,1567457516869
6000,6000,462,Gyroscope,0.9422710461506794,-0.32359054090315903,0.07768528570860495,1567457516871
6002,6002,462,Gyroscope,0.9501482405965486,-0.35103820649986534,0.04261228286926266,1567457516873
6004,6004,462,Gyroscope,0.9515242962595922,-0.38017854716366795,0.006680606991126735,1567457516875
6006,6006,462,Gyroscope,0.9430085618360478,-0.4053142796596635,-0.027203252814095035,1567457516877
6008,6008,462,Gyroscope,0.9203984340928755,-0.4193228792666881,-0.055695403321139106,1567457516879
6009,6009,462,Gyroscope,0.883106507073081,-0.4198903026391605,-0.08166694472679908,1567457516881
6012,6012,462,Gyroscope,0.8360090699196504,-0.4119528314346096,-0.10902339280570761,1567457516883
6014,6014,462,Gyroscope,0.7854460504875127,-0.4008337783237951,-0.1377119786422125,1567457516885
6016,6016,462,Gyroscope,0.7302628515902596,-0.37970655992088453,-0.1689516557149084,1567457516887
6018,6018,462,Gyroscope,0.6629505450112868,-0.33345961992867906,-0.20752828698888925,1567457516889
6020,6020,462,Gyroscope,0.5843550160866958,-0.2600451604917352,-0.2536580112962772,1567457516891
6021,6021,462,Gyroscope,0.5059276442755224,-0.1694905156159522,-0.29999976558380037,1567457516892
6023,6023,462,Gyroscope,0.4319402010973157,-0.05867458267481724,-0.3404581555028781,1567457516895
6025,6025,462,Gyroscope,0.35629497247584513,0.08237152972927463,-0.3740842731771643,1567457516897
6027,6027,462,Gyroscope,0.2810042927057241,0.23812923787996232,-0.39936478987778057,1567457516899
6029,6029,462,Gyroscope,0.21716238307366784,0.3782409405594597,-0.41331075846868204,1567457516901
6031,6031,462,Gyroscope,0.16504955101625976,0.49982052666131527,-0.4153839413142426,1567457516903
6033,6033,462,Gyroscope,0.11288422545061604,0.6249633993604226,-0.40715734224544553,1567457516905
6035,6035,462,Gyroscope,0.056974116965552796,0.7566185631620972,-0.3918745385485212,1567457516907
6037,6037,462,Gyroscope,0.007438000334979928,0.867342652144933,-0.37540617299972523,1567457516909
6039,6039,462,Gyroscope,-0.027185239079337276,0.9363156039768845,-0.362665431641257,1567457516911
6041,6041,462,Gyroscope,-0.04854060043748287,0.9704355606020443,-0.35482069995411103,1567457516913
6043,6043,462,Gyroscope,-0.061419112965078654,0.9805413714721813,-0.3524590734392624,1567457516915
6045,6045,462,Gyroscope,-0.06867450385135275,0.9627657580751358,-0.3563256360733752,1567457516917
6048,6048,462,Gyroscope,-0.07275596753462207,0.9144834332401315,-0.3639777370373157,1567457516919
6050,6050,462,Gyroscope,-0.07465855404139701,0.8477278959966952,-0.37145335354554404,1567457516921
6052,6052,462,Gyroscope,-0.07284827651672096,0.7759093858403363,-0.378077072448174,1567457516923
6054,6054,462,Gyroscope,-0.06729752507576726,0.6996308715914211,-0.3855502344455075,1567457516924
6056,6056,462,Gyroscope,-0.061637222577088494,0.6140610983234733,-0.39426507925517473,1567457516927
6058,6058,462,Gyroscope,-0.05932363437053139,0.5238219388372642,-0.4034276065864354,1567457516929
6060,6060,462,Gyroscope,-0.06045599623050826,0.43961005932777164,-0.4122176702521368,1567457516931
6062,6062,462,Gyroscope,-0.06282009481537726,0.36171944937330514,-0.4188403680939887,1567457516933
6064,6064,462,Gyroscope,-0.06403278534059552,0.2825830164385186,-0.4204527834909663,1567457516935
6066,6066,462,Gyroscope,-0.06286481140747252,0.20570419194228354,-0.415531868411201,1567457516937
6068,6068,462,Gyroscope,-0.059538566536450205,0.14285723505057005,-0.4060130071622474,1567457516938
6070,6070,462,Gyroscope,-0.05473562806708626,0.09285988720196178,-0.39638884492489335,1567457516941
6072,6072,462,Gyroscope,-0.04865246691885318,0.04240731187598035,-0.3901839422909721,1567457516943
6074,6074,462,Gyroscope,-0.04151860264994629,-0.011638023266388787,-0.3876620394595276,1567457516944
6076,6076,462,Gyroscope,-0.03455837458884213,-0.05666984637310161,-0.3867343812274876,1567457516947
6078,6078,462,Gyroscope,-0.02976852323279272,-0.08266745922969151,-0.38471598796130346,1567457516949
6080,6080,462,Gyroscope,-0.028369096074802418,-0.09349823022061915,-0.37981382323293167,1567457516951
6082,6082,462,Gyroscope,-0.02936437883521614,-0.09749633093573959,-0.37274994278391976,1567457516953
6084,6084,462,Gyroscope,-0.030514291458196844,-0.09774615939711523,-0.36602207285732413,1567457516955
6086,6086,462,Gyroscope,-0.03128130054430633,-0.09476418967382381,-0.36049038288547425,1567457516957
6088,6088,462,Gyroscope,-0.03341037713560385,-0.09027277038231768,-0.35476511658355014,1567457516959
6090,6090,462,Gyroscope,-0.03798150785509403,-0.08567467103030543,-0.34838520147665364,1567457516961
6092,6092,462,Gyroscope,-0.043597347222583,-0.08145477325322739,-0.34249069543963084,1567457516963
6094,6094,462,Gyroscope,-0.04805565358398396,-0.0783636133252607,-0.33716884457087637,1567457516965
6096,6096,462,Gyroscope,-0.05056330923709176,-0.0770211391360855,-0.3310302029157936,1567457516967
6098,6098,462,Gyroscope,-0.05196723361732481,-0.07764214386946804,-0.3231631518072395,1567457516969
6100,6100,462,Gyroscope,-0.05324133165374975,-0.08074000668206426,-0.31383738742414313,1567457516971
6102,6102,462,Gyroscope,-0.05398835280091103,-0.08651140344098421,-0.30415047085985386,1567457516973
6104,6104,462,Gyroscope,-0.0529087779109311,-0.09385617790137968,-0.29542144452611074,1567457516975
6106,6106,462,Gyroscope,-0.049557148106088605,-0.101240665502938,-0.28776981501840754,1567457516977
6108,6108,462,Gyroscope,-0.04457078317671993,-0.1081791128120899,-0.27951038024049063,1567457516979
6110,6110,462,Gyroscope,-0.03835529701559273,-0.11528439700567528,-0.2692257200742437,1567457516981
6112,6112,462,Gyroscope,-0.03048267320702859,-0.12292586290413729,-0.2583152881194086,1567457516983
6114,6114,462,Gyroscope,-0.019863976224268012,-0.1299451595699007,-0.2499823327750923,1567457516985
6116,6116,462,Gyroscope,-0.005583571466981032,-0.13398354788792466,-0.24535505543183153,1567457516986
6118,6118,462,Gyroscope,0.011170151332542157,-0.13391631541381901,-0.24236302132941218,1567457516989
6120,6120,462,Gyroscope,0.02741841796936603,-0.13199033460989618,-0.23904770170090406,1567457516991
6122,6122,462,Gyroscope,0.042003825910010804,-0.13158269661533095,-0.23626267249946992,1567457516993
6124,6124,462,Gyroscope,0.056202837017045724,-0.1323809522303789,-0.23638282605774336,1567457516995
6126,6126,462,Gyroscope,0.07034071955988996,-0.1310258107027391,-0.24026832762976902,1567457516997
6128,6128,462,Gyroscope,0.0833257253882974,-0.12732361015956783,-0.2463029205568666,1567457516999
6130,6130,462,Gyroscope,0.09513145250602575,-0.12540651547189072,-0.25277743089833365,1567457517001
6132,6132,462,Gyroscope,0.10658593521633321,-0.12733722254072788,-0.25978338815839247,1567457517003
6134,6134,462,Gyroscope,0.117371395817157,-0.13000837342299065,-0.2672122232216634,1567457517005
6136,6136,462,Gyroscope,0.12630436075582857,-0.12982453538283006,-0.2739310945237166,1567457517007
6138,6138,462,Gyroscope,0.13284698946254103,-0.12690586346856708,-0.281033657567609,1567457517009
6140,6140,462,Gyroscope,0.13721580253602975,-0.12378826765639198,-0.2909101287516078,1567457517011
6142,6142,462,Gyroscope,0.13989024633979602,-0.12199491436623153,-0.3017428070616217,1567457517013
6144,6144,462,Gyroscope,0.14151947178144847,-0.11991869264447327,-0.30955007033720433,1567457517015
6146,6146,462,Gyroscope,0.14259332268097513,-0.11384101395050085,-0.3155804968776213,1567457517017
6148,6148,462,Gyroscope,0.14333185530739398,-0.10213072491361905,-0.3242054666134928,1567457517019
6150,6150,462,Gyroscope,0.1439266895231682,-0.08742649561514775,-0.3347431324304892,1567457517021
6152,6152,462,Gyroscope,0.14381076846573615,-0.07242363695311863,-0.34319659566959515,1567457517023
6154,6154,462,Gyroscope,0.1411644552046296,-0.05559208350627866,-0.35046581112989905,1567457517025
6156,6156,462,Gyroscope,0.13519169248580268,-0.03462577322455897,-0.3606071092986569,1567457517027
6158,6158,462,Gyroscope,0.12848170010787935,-0.011087800291749002,-0.3720289506230855,1567457517029
6160,6160,462,Gyroscope,0.12429966175303535,0.012222568091502236,-0.37862004380088754,1567457517031
6162,6162,462,Gyroscope,0.12159107061842803,0.03489615183748779,-0.3796444232885346,1567457517033
6164,6164,462,Gyroscope,0.11620960939651026,0.058204294849870566,-0.38127668303487283,1567457517035
6165,6165,462,Gyroscope,0.10739016807134769,0.08441410876010448,-0.3870201841494289,1567457517037
6167,6167,462,Gyroscope,0.09869328853132775,0.11496622261808728,-0.39238564159251843,1567457517039
6169,6169,462,Gyroscope,0.09178358901295008,0.14666087066605935,-0.3918657599679913,1567457517041
6171,6171,462,Gyroscope,0.0839649108317678,0.17428189848106562,-0.3869566473744478,1567457517043
6173,6173,462,Gyroscope,0.07309179905830848,0.19803258044904154,-0.38289259001239273,1567457517045
6175,6175,462,Gyroscope,0.060873256163278724,0.22246803910305715,-0.380031182501551,1567457517047
6177,6177,462,Gyroscope,0.0503018697566172,0.24804103434657265,-0.37411662666219914,1567457517049
6179,6179,462,Gyroscope,0.04242756725292509,0.2698393301608738,-0.3642780536893846,1567457517051
6181,6181,462,Gyroscope,0.03581118704583963,0.2848355385894378,-0.35461233381811297,1567457517053
6183,6183,462,Gyroscope,0.028193522405628852,0.2948911288723911,-0.3469218878252973,1567457517055
6185,6185,462,Gyroscope,0.01936970663118611,0.30240915099175336,-0.33767594224238345,1567457517057
6187,6187,462,Gyroscope,0.011677262039359367,0.3073606710526222,-0.3241671439000451,1567457517059
6189,6189,462,Gyroscope,0.006431269989539436,0.308404721172776,-0.3089013546626054,1567457517061
6191,6191,462,Gyroscope,0.0019961912827769946,0.3042242265567014,-0.29591691678227244,1567457517063
6193,6193,462,Gyroscope,-0.002992086229405718,0.2946611244687257,-0.2862151511812694,1567457517065
6195,6195,462,Gyroscope,-0.007040591968002785,0.28186715737830553,-0.27806384650678206,1567457517067
6197,6197,462,Gyroscope,-0.007965562580437499,0.26848882711039435,-0.26981421272374484,1567457517069
6199,6199,462,Gyroscope,-0.005438178853198292,0.25372488826597844,-0.2614647727313758,1567457517071
6201,6201,462,Gyroscope,-0.0005137595466880453,0.23418332548168178,-0.25360351912246437,1567457517073
6203,6203,462,Gyroscope,0.005575460843809333,0.2099740316463543,-0.24598659166476103,1567457517075
6205,6205,462,Gyroscope,0.011912714730606441,0.18522471116429046,-0.2387310271293606,1567457517077
6207,6207,462,Gyroscope,0.018521855152895825,0.16110137409215738,-0.2335693661345079,1567457517079
6209,6209,462,Gyroscope,0.026368088525404197,0.13518971078558895,-0.23135070044022865,1567457517081
6211,6211,462,Gyroscope,0.03580812915102314,0.10856544695291573,-0.2297102389635971,1567457517083
6213,6213,462,Gyroscope,0.04567990742878458,0.08483406327642687,-0.22627113947397687,1567457517085
6216,6216,462,Gyroscope,0.055278715485630556,0.06243291701385002,-0.22239495790543007,1567457517087
6218,6218,462,Gyroscope,0.06606822320552412,0.03698644049675985,-0.22022317731982133,1567457517089
6220,6220,462,Gyroscope,0.07916871698229667,0.009909680874792326,-0.21837706708554322,1567457517091
6222,6222,462,Gyroscope,0.09294096573535615,-0.013976341683425592,-0.21458173535154287,1567457517094
6224,6224,462,Gyroscope,0.10524465581093365,-0.034630810942982905,-0.20969746215945412,1567457517095
6225,6225,462,Gyroscope,0.11521161248970915,-0.054382213908970065,-0.20531693130632256,1567457517097
6227,6227,462,Gyroscope,0.12218585268240331,-0.07145053826857281,-0.20063977828992077,1567457517099
6229,6229,462,Gyroscope,0.12673367469570335,-0.08338619796068475,-0.19479749769751453,1567457517101
6231,6231,462,Gyroscope,0.13136647432434967,-0.0923293239254811,-0.18885009797654867,1567457517103
6233,6233,462,Gyroscope,0.13715089703025324,-0.10115655809064739,-0.1835481933296872,1567457517106
6235,6235,462,Gyroscope,0.14243901356793895,-0.10864960662716514,-0.17804218103880115,1567457517107
6237,6237,462,Gyroscope,0.1461110382582313,-0.11203017607839247,-0.17141087092448043,1567457517109
6239,6239,462,Gyroscope,0.14865287102945346,-0.11111787725570715,-0.1635948160650092,1567457517111
6241,6241,462,Gyroscope,0.1503910248786918,-0.10751773905783077,-0.1552407027871653,1567457517113
6243,6243,462,Gyroscope,0.15132380851219213,-0.10131841614664212,-0.14723289851112456,1567457517115
6245,6245,462,Gyroscope,0.15145312956632126,-0.09124358273725815,-0.1396168574767263,1567457517117
6247,6247,462,Gyroscope,0.15004067148367584,-0.07815219437902814,-0.13154975488685489,1567457517119
6249,6249,462,Gyroscope,0.14650377970426587,-0.06520915204753427,-0.12299551029487438,1567457517121
6251,6251,462,Gyroscope,0.14201975924290408,-0.05314631515779137,-0.11519862068219638,1567457517123
6253,6253,462,Gyroscope,0.1377001365937386,-0.038687062985688574,-0.10873248209235092,1567457517125
6255,6255,462,Gyroscope,0.13225468836877086,-0.01983355053195209,-0.10220560038175469,1567457517127
6257,6257,462,Gyroscope,0.12394962522851367,0.0007450600932368701,-0.09368162614826481,1567457517129
6259,6259,462,Gyroscope,0.11280891787843704,0.020500221420769224,-0.08283917832350562,1567457517131
6261,6261,462,Gyroscope,0.099605745749291,0.04118440951307527,-0.07135368087112788,1567457517133
6263,6263,462,Gyroscope,0.08553456914508208,0.0642310709975775,-0.06113805472362188,1567457517135
6265,6265,462,Gyroscope,0.07194074046609888,0.0866090270395338,-0.05187308219529034,1567457517137
6267,6267,462,Gyroscope,0.05770944893366226,0.10554999133706953,-0.0411117989866575,1567457517139
6269,6269,462,Gyroscope,0.04060788096440038,0.12233998268237808,-0.02797538957847866,1567457517141
6271,6271,462,Gyroscope,0.022588340303723003,0.13861295473360424,-0.01494639731515347,1567457517143
6273,6273,462,Gyroscope,0.007642234387587165,0.15372143846570585,-0.004059870733692252,1567457517145
6275,6275,462,Gyroscope,-0.005496166735467541,0.16662035072107517,0.006488212546436328,1567457517147
6277,6277,462,Gyroscope,-0.021143963038438927,0.17692589736898887,0.018894715932998237,1567457517149
6279,6279,462,Gyroscope,-0.038446890420196334,0.1844518808585292,0.03082159616769499,1567457517151
6281,6281,462,Gyroscope,-0.05306997721338956,0.18906705210629499,0.03897913767657714,1567457517153
6283,6283,462,Gyroscope,-0.06521043404935586,0.19041058716853226,0.046206618039716346,1567457517155
6285,6285,462,Gyroscope,-0.0784363988897395,0.18820467105304287,0.057581419035189235,1567457517157
6287,6287,462,Gyroscope,-0.09279543156111335,0.18371853773281713,0.0710122284703536,1567457517159
6289,6289,462,Gyroscope,-0.1054775610057645,0.17963784579962994,0.08057726167594065,1567457517161
6291,6291,462,Gyroscope,-0.11578288244245152,0.17711276716057556,0.08697685821953388,1567457517164
6293,6293,462,Gyroscope,-0.12499608934923119,0.17421410276785498,0.09554763622383125,1567457517165
6295,6295,462,Gyroscope,-0.13375205500263085,0.1691950863896573,0.10669682650622578,1567457517167
6297,6297,462,Gyroscope,-0.14187215311874937,0.16424282812654564,0.11680106389556337,1567457517169
6299,6299,462,Gyroscope,-0.14914261481130411,0.163409367062331,0.12569759468586855,1567457517171
6301,6301,462,Gyroscope,-0.15524672936092998,0.1673813393784644,0.13590266933711637,1567457517173
6303,6303,462,Gyroscope,-0.1596356210084901,0.17346027214639828,0.14684497361593937,1567457517175
6305,6305,462,Gyroscope,-0.16215720830444283,0.18065566010918616,0.1554103825386477,1567457517177
6307,6307,462,Gyroscope,-0.16388137506728997,0.1914008015956694,0.16066860793188198,1567457517179
6309,6309,462,Gyroscope,-0.16627392135884397,0.20756780910498568,0.16488068143030188,1567457517181
6311,6311,462,Gyroscope,-0.16882650593820892,0.22778282863533805,0.17009894851020063,1567457517183
6313,6313,462,Gyroscope,-0.16915771868280147,0.25025694199285126,0.17526611483168816,1567457517185
6316,6316,462,Gyroscope,-0.1668167736933245,0.27536999258016875,0.17821134270767425,1567457517188
6318,6318,462,Gyroscope,-0.16438735295993798,0.30261605737343306,0.17982291847073853,1567457517189
6320,6320,462,Gyroscope,-0.1629846844694138,0.3285295036906948,0.18307331390287726,1567457517191
6322,6322,462,Gyroscope,-0.16051772698176603,0.350920276031052,0.18818865076637462,1567457517193
6323,6323,462,Gyroscope,-0.15646137959516587,0.3705412219063566,0.19237950997467396,1567457517196
6325,6325,462,Gyroscope,-0.15331267041559044,0.3869074150953799,0.19416797592144733,1567457517197
6327,6327,462,Gyroscope,-0.1512678055861283,0.39841416622712594,0.1949940318390857,1567457517199
6329,6329,462,Gyroscope,-0.14708001289136766,0.4064143450225639,0.19658249115456194,1567457517201
6331,6331,462,Gyroscope,-0.14004796175279527,0.4136073858885625,0.19858263130684783,1567457517203
6333,6333,462,Gyroscope,-0.13344163566278086,0.4197936300166961,0.19944343082454813,1567457517205
6335,6335,462,Gyroscope,-0.12845822391581857,0.42296727967184533,0.19919060644446862,1567457517207
6337,6337,462,Gyroscope,-0.12246427389128825,0.42241559702284937,0.19984200662061827,1567457517209
6339,6339,462,Gyroscope,-0.11448921322843286,0.41833459345548607,0.20235162815384294,1567457517211
6342,6342,462,Gyroscope,-0.1068439103501735,0.4105547931591516,0.20524894264455268,1567457517214
6343,6343,462,Gyroscope,-0.10055389884282911,0.39855453937263896,0.20763961081982707,1567457517215
6345,6345,462,Gyroscope,-0.09460049231445031,0.38035803985788985,0.211319425785324,1567457517217
6347,6347,462,Gyroscope,-0.08961812208027087,0.3531266401083285,0.21816065884247055,1567457517219
6350,6350,462,Gyroscope,-0.08731461136249648,0.317996690939012,0.22708978221612094,1567457517221
6351,6351,462,Gyroscope,-0.08676340360675451,0.27959105826993474,0.23559883345677518,1567457517224
6353,6353,462,Gyroscope,-0.08515051179675703,0.23890735563405516,0.2430927848172857,1567457517225
6356,6356,462,Gyroscope,-0.08150113772108167,0.19494013948376498,0.2503930417225946,1567457517227
6358,6358,462,Gyroscope,-0.07749158126334141,0.15151974937001939,0.2568215961696441,1567457517229
6360,6360,462,Gyroscope,-0.0753516003309355,0.11242286754944389,0.26109103977909087,1567457517231
6362,6362,462,Gyroscope,-0.07572989310545808,0.07558854002302831,0.264751473859818,1567457517233
6363,6363,462,Gyroscope,-0.07708858115447331,0.04023427905516714,0.27072597045867686,1567457517235
6365,6365,462,Gyroscope,-0.07754343467065294,0.010524564327138648,0.2785165739551331,1567457517237
6367,6367,462,Gyroscope,-0.07753989285293937,-0.012642572406896034,0.2853803913854916,1567457517239
6369,6369,462,Gyroscope,-0.07943158429081572,-0.03388630335791745,0.2914771118259595,1567457517241
6371,6371,462,Gyroscope,-0.08428889498346603,-0.05479756379590431,0.29830111227844014,1567457517244
6373,6373,462,Gyroscope,-0.09095510206757908,-0.07136678567838327,0.3036024387262689,1567457517245
6375,6375,462,Gyroscope,-0.09807678581134506,-0.08172925138969847,0.3043003490619943,1567457517247
6377,6377,462,Gyroscope,-0.10514610466370197,-0.08871203476367975,0.3023114196329923,1567457517249
6380,6380,462,Gyroscope,-0.11218039983300437,-0.09274107931015202,0.3012569050370426,1567457517251
6382,6382,462,Gyroscope,-0.1195336949429912,-0.09083649896161038,0.29991115730875567,1567457517254
6384,6384,462,Gyroscope,-0.1269323859364793,-0.0847444570040286,0.2940328255420376,1567457517255
6385,6385,462,Gyroscope,-0.13296079668627528,-0.08088428666320152,0.28267448529281847,1567457517257
6387,6387,462,Gyroscope,-0.13693812256604404,-0.08089170935461751,0.26933867364954445,1567457517259
6390,6390,462,Gyroscope,-0.14011069499644752,-0.08071567146153524,0.2572237549258582,1567457517261
6392,6392,462,Gyroscope,-0.1437161795251954,-0.07859543411151299,0.24514650156395407,1567457517263
6394,6394,462,Gyroscope,-0.1472948858175129,-0.0764900402329071,0.2300740707412196,1567457517265
6396,6396,462,Gyroscope,-0.1498344870764307,-0.07512892717304374,0.21224146718234776,1567457517267
6398,6398,462,Gyroscope,-0.15109517390395466,-0.0734263444727309,0.19407597029650964,1567457517269
6400,6400,462,Gyroscope,-0.1509390902465043,-0.07148121562373333,0.17572809699024095,1567457517271
6402,6402,462,Gyroscope,-0.1490015971896478,-0.07058977528959459,0.1558302777571069,1567457517273
6404,6404,462,Gyroscope,-0.14574154015237484,-0.07140846646941751,0.1351193502077216,1567457517276
6406,6406,462,Gyroscope,-0.14162807346637268,-0.07424720929913975,0.11564342959095697,1567457517277
6408,6408,462,Gyroscope,-0.13524643003193415,-0.07983428435863865,0.09781679302969484,1567457517279
6410,6410,462,Gyroscope,-0.125416029716571,-0.08785657999733634,0.08168588963061094,1567457517281
6412,6412,462,Gyroscope,-0.11414449807652696,-0.0963826818837057,0.06897884294127958,1567457517283
6413,6413,462,Gyroscope,-0.1032648163332747,-0.10441838827939787,0.05995431227872712,1567457517285
6415,6415,462,Gyroscope,-0.09053654989181943,-0.112572600265998,0.05145653960907937,1567457517288
6417,6417,462,Gyroscope,-0.07406594831516922,-0.12011035430809025,0.042093140611041774,1567457517289
6419,6419,462,Gyroscope,-0.0570748161903214,-0.1249739041154515,0.03489756484212212,1567457517291
6421,6421,462,Gyroscope,-0.04270566239763873,-0.12755094837947534,0.03123875158191399,1567457517293
6423,6423,462,Gyroscope,-0.02814269107439951,-0.1306256473625487,0.02728793306855304,1567457517295
6425,6425,462,Gyroscope,-0.009671351665351746,-0.1352419304645914,0.020246311916745762,1567457517298
6428,6428,462,Gyroscope,0.010985552172663844,-0.14024631439291713,0.01332302183508965,1567457517299
6430,6430,462,Gyroscope,0.030469906682093414,-0.1457701087737682,0.010709058120197925,1567457517301
6431,6431,462,Gyroscope,0.04833775994702853,-0.1532369279924717,0.011375568090204985,1567457517303
6433,6433,462,Gyroscope,0.0643899975553069,-0.1620144376238004,0.011470642181246864,1567457517305
6435,6435,462,Gyroscope,0.07767359193878466,-0.17018133323626464,0.009770879939913935,1567457517308
6437,6437,462,Gyroscope,0.08958436861856256,-0.17873292252453243,0.0071306655710552695,1567457517309
6439,6439,462,Gyroscope,0.10249257074545773,-0.1906765832439979,0.003362446119827685,1567457517311
6442,6442,462,Gyroscope,0.11526605390932514,-0.20557733893674024,-0.0013738219896627566,1567457517313
6444,6444,462,Gyroscope,0.12436243265278463,-0.21984855867004033,-0.005097939252475821,1567457517315
6446,6446,462,Gyroscope,0.12919232130425792,-0.23277540274725614,-0.0078042153428807045,1567457517317
6448,6448,462,Gyroscope,0.1328951504692467,-0.24661270080038167,-0.012524948136306453,1567457517320
6450,6450,462,Gyroscope,0.13734250357735786,-0.26087210677813666,-0.019197698743710544,1567457517321
6452,6452,462,Gyroscope,0.14064759312516095,-0.2725709353445842,-0.023408652071327536,1567457517323
6454,6454,462,Gyroscope,0.1408736634591363,-0.28157664647507463,-0.02405461501934885,1567457517325
6456,6456,462,Gyroscope,0.13936005987058406,-0.2903221670234985,-0.025256879628037666,1567457517327
6458,6458,462,Gyroscope,0.1380285293519068,-0.2989222604102621,-0.028966197678381406,1567457517330
6460,6460,462,Gyroscope,0.13546675067513403,-0.30491221703985627,-0.03278771761387965,1567457517331
6461,6461,462,Gyroscope,0.12953613417046828,-0.3074709948528886,-0.03538972650130081,1567457517333
6463,6463,462,Gyroscope,0.12242080141259336,-0.30835764496764867,-0.03756946401221123,1567457517335
6465,6465,462,Gyroscope,0.11778168374527664,-0.3085069190824552,-0.038788358403535964,1567457517337
6467,6467,462,Gyroscope,0.11402939931797139,-0.30660134709983694,-0.037918294198384786,1567457517340
6469,6469,462,Gyroscope,0.10647100051060976,-0.30164276087594866,-0.03625727261974543,1567457517341
6471,6471,462,Gyroscope,0.095160302067903,-0.29483883851773673,-0.03614035784756954,1567457517343
6473,6473,462,Gyroscope,0.08434406134821035,-0.28756589746804906,-0.037576038546295897,1567457517345
6475,6475,462,Gyroscope,0.07453414605571956,-0.2784126239317293,-0.03877169324909509,1567457517347
6477,6477,462,Gyroscope,0.06163008535050754,-0.2649124484866442,-0.039533564294706294,1567457517350
6479,6479,462,Gyroscope,0.04509682245011851,-0.24888290496082338,-0.04165587635208607,1567457517352
6481,6481,462,Gyroscope,0.030677924858421836,-0.23626893317090839,-0.0452841673084661,1567457517353
6483,6483,462,Gyroscope,0.02202793655893281,-0.22944067125034046,-0.047937105822967105,1567457517355
6486,6486,462,Gyroscope,0.015553451034995697,-0.2234282452012328,-0.04867553355232959,1567457517357
6488,6488,462,Gyroscope,0.0074241130761566,-0.21240536868806423,-0.04958963064073656,1567457517359
6490,6490,462,Gyroscope,-0.00020710223170464595,-0.196084358791799,-0.05140072007073716,1567457517362
6491,6491,462,Gyroscope,-0.0046169708461802385,-0.17667623640371255,-0.05176883658105795,1567457517364
6493,6493,462,Gyroscope,-0.008544370133077616,-0.15380982525485254,-0.049866900566951755,1567457517365
6495,6495,462,Gyroscope,-0.015380760079601232,-0.12708217281664175,-0.04843181427113377,1567457517367
6497,6497,462,Gyroscope,-0.023221992008150782,-0.09967309154017828,-0.049299174880725244,1567457517369
6499,6499,462,Gyroscope,-0.02934063747172258,-0.07459841205530951,-0.05087315062579463,1567457517371
6502,6502,462,Gyroscope,-0.03541494379875182,-0.05140407226869177,-0.05196585183277022,1567457517373
6504,6504,462,Gyroscope,-0.04263800153499815,-0.029346677947561173,-0.05428644134202461,1567457517375
6506,6506,462,Gyroscope,-0.04751191827262943,-0.00907834065759677,-0.058614884286483884,1567457517377
6508,6508,462,Gyroscope,-0.04782138999732234,0.009104819122666816,-0.061804681751458014,1567457517380
6509,6509,462,Gyroscope,-0.04682218810888249,0.024504273858669816,-0.061124547030188936,1567457517382
6512,6512,462,Gyroscope,-0.04744810581358609,0.03517570351415818,-0.05900377127687413,1567457517383
6514,6514,462,Gyroscope,-0.04805062299608625,0.04019897871820366,-0.058924355467249265,1567457517385
6516,6516,462,Gyroscope,-0.046596221774366876,0.04096342733251798,-0.05931218225039647,1567457517388
6518,6518,462,Gyroscope,-0.04404755311505788,0.039746414703666244,-0.05681615233210106,1567457517390
6520,6520,462,Gyroscope,-0.04170149400106019,0.037365472126334356,-0.051829487951646616,1567457517391
6522,6522,462,Gyroscope,-0.03881663810757477,0.031988774367266826,-0.04554425581675485,1567457517393
6523,6523,462,Gyroscope,-0.0340138172016467,0.021962552624062368,-0.03710327693985696,1567457517395
6526,6526,462,Gyroscope,-0.027241486601451866,0.009537107385675155,-0.027835485146578125,1567457517397
6528,6528,462,Gyroscope,-0.020040607033866405,-0.0013227825411316464,-0.021312069372434763,1567457517400
6530,6530,462,Gyroscope,-0.013880595490462094,-0.009850128116976605,-0.0168174227963449,1567457517401
6532,6532,462,Gyroscope,-0.008029918180590094,-0.017937963027279742,-0.010091979225009262,1567457517403
6534,6534,462,Gyroscope,-0.0006376820922034067,-0.026142609741123445,-0.0007093715551796081,1567457517405
6536,6536,462,Gyroscope,0.00765362031656316,-0.033376029124629975,0.00821338336939621,1567457517407
6537,6537,462,Gyroscope,0.014070534975363315,-0.039430444429320685,0.01599219401278067,1567457517409
6539,6539,462,Gyroscope,0.01830110235599724,-0.04497234455037648,0.02391735305738364,1567457517412
6541,6541,462,Gyroscope,0.02296642376203244,-0.049837865879942864,0.0313375218117734,1567457517414
6543,6543,462,Gyroscope,0.02862142405643978,-0.05339571619921227,0.03715556876798999,1567457517415
6545,6545,462,Gyroscope,0.032353963617350275,-0.05545652832604775,0.042649636499005085,1567457517417
6547,6547,462,Gyroscope,0.03267271351127389,-0.055682677351390375,0.04928156283835985,1567457517419
6549,6549,462,Gyroscope,0.03215383750341758,-0.05357338008156404,0.05599511574173002,1567457517422
6551,6551,462,Gyroscope,0.03361583762428,-0.049223676632311975,0.06110246388171295,1567457517424
6553,6553,462,Gyroscope,0.036458508468261,-0.043006648296034,0.06490050236687527,1567457517425
6555,6555,462,Gyroscope,0.03840586161129118,-0.035399557051043834,0.06835935739893508,1567457517427
6557,6557,462,Gyroscope,0.038842966892078445,-0.0275228482176507,0.07084877075561807,1567457517429
6559,6559,462,Gyroscope,0.03886525187576585,-0.020195928449557074,0.07132733368953806,1567457517431
6561,6561,462,Gyroscope,0.039173314711255784,-0.012656498925525204,0.07055862063415494,1567457517434
6563,6563,462,Gyroscope,0.039368327240833875,-0.004014240827724695,0.07013027883593458,1567457517436
6565,6565,462,Gyroscope,0.039233696286303514,0.004594951468413825,0.06998393848488395,1567457517437
6567,6567,462,Gyroscope,0.039357551200397085,0.011050756381649091,0.06854436184186087,1567457517439
6569,6569,462,Gyroscope,0.03962588449454585,0.015104137989582048,0.06528622672393893,1567457517441
6571,6571,462,Gyroscope,0.03866983514124357,0.018538345581505446,0.06172443070815957,1567457517443
6573,6573,462,Gyroscope,0.036452134987376546,0.022201156765764604,0.05899582904638713,1567457517445
6575,6575,462,Gyroscope,0.03531695195485761,0.02437189331743632,0.0559185323857979,1567457517448
6577,6577,462,Gyroscope,0.03621388044627231,0.02286134177900534,0.05101102179488313,1567457517449
6580,6580,462,Gyroscope,0.03645971879844776,0.017778423543912625,0.04503377614785124,1567457517451
6582,6582,462,Gyroscope,0.033810373408397994,0.011503899755948871,0.03973967268986688,1567457517453
6584,6584,462,Gyroscope,0.02988481724793753,0.006079689487189607,0.0352992410944975,1567457517455
6586,6586,462,Gyroscope,0.02709200451385262,0.0010275715292518883,0.030634643833116097,1567457517458
6588,6588,462,Gyroscope,0.02516250481867023,-0.005603392760158692,0.025314843425507563,1567457517460
6590,6590,462,Gyroscope,0.022736431165685494,-0.014425967956507909,0.019429932055392847,1567457517461
6592,6592,462,Gyroscope,0.019498662949338195,-0.02409758629748252,0.012585328237240664,1567457517463
6594,6594,462,Gyroscope,0.01550900047415912,-0.032918117679489295,0.005099814076289707,1567457517465
6596,6596,462,Gyroscope,0.010771713990189915,-0.040160688291164245,-0.0012067117187890756,1567457517467
6598,6598,462,Gyroscope,0.005806326191342696,-0.0462804499573316,-0.005930842883536947,1567457517469
6600,6600,462,Gyroscope,0.001296343651852752,-0.051666809302663236,-0.01161562046966053,1567457517472
6602,6602,462,Gyroscope,-0.0026185383449528455,-0.05548934464452222,-0.01968091408097896,1567457517474
6604,6604,462,Gyroscope,-0.006505307848588394,-0.05703950287507713,-0.027455667032880486,1567457517475
6606,6606,462,Gyroscope,-0.011246638328725968,-0.056855270768665644,-0.031789703079303025,1567457517477
6608,6608,462,Gyroscope,-0.016847903536510743,-0.054885479550585176,-0.033435693715037164,1567457517479
6610,6610,462,Gyroscope,-0.022058969288688113,-0.04988639675983318,-0.03583890902635002,1567457517481
6612,6612,462,Gyroscope,-0.026336932914304792,-0.042115704355873,-0.040791990476844384,1567457517484
6614,6614,462,Gyroscope,-0.030843242384274536,-0.03414978109889259,-0.046817764383393384,1567457517486
6616,6616,462,Gyroscope,-0.03581705876808758,-0.02808368767482108,-0.05165006527615469,1567457517487
6617,6617,462,Gyroscope,-0.03929136544581624,-0.023712150343920588,-0.05493340132904564,1567457517489
6619,6619,462,Gyroscope,-0.0403908024380271,-0.019801044736458107,-0.05774503257052669,1567457517491
6621,6621,462,Gyroscope,-0.04089770615355831,-0.015944818576404597,-0.06053873193301926,1567457517493
6623,6623,462,Gyroscope,-0.042085655910551335,-0.012627425445250251,-0.06260840684724751,1567457517495
6625,6625,462,Gyroscope,-0.043043025494209505,-0.010203770341559495,-0.06330949359680588,1567457517498
6627,6627,462,Gyroscope,-0.042455957487960654,-0.00916805310384468,-0.06343489815203494,1567457517499
6629,6629,462,Gyroscope,-0.03989409499495577,-0.010997874033449437,-0.06463293740189242,1567457517501
6631,6631,462,Gyroscope,-0.03627582044807221,-0.016639430046368718,-0.06711112814283782,1567457517503
6633,6633,462,Gyroscope,-0.033863982963934676,-0.024287800384364143,-0.0696665152141368,1567457517505
6636,6636,462,Gyroscope,-0.033884789310924604,-0.03110311817956969,-0.07209705590843478,1567457517508
6638,6638,462,Gyroscope,-0.034170429373890185,-0.037281186512388195,-0.07501238536240994,1567457517510
6640,6640,462,Gyroscope,-0.031167371301658822,-0.045760572692629696,-0.07794384135069377,1567457517511
6642,6642,462,Gyroscope,-0.024123508697273827,-0.057490429537970233,-0.0801868025541769,1567457517513
6643,6643,462,Gyroscope,-0.016039759456015303,-0.07006293933645649,-0.08220832566500867,1567457517515
6646,6646,462,Gyroscope,-0.010494619511433295,-0.08156883784259718,-0.08450940518067146,1567457517517
6648,6648,462,Gyroscope,-0.007752133362342175,-0.09246952841223599,-0.0865759441549393,1567457517520
6650,6650,462,Gyroscope,-0.004334882227451124,-0.1035162103552025,-0.08794728493885123,1567457517522
6652,6652,462,Gyroscope,0.002579795250989787,-0.11484325475303153,-0.08911012007546079,1567457517523
6654,6654,462,Gyroscope,0.010953040889011098,-0.12615977474427073,-0.09064193205978469,1567457517525
6656,6656,462,Gyroscope,0.016278970212186113,-0.13564484402747928,-0.0924832700659246,1567457517527
6658,6658,462,Gyroscope,0.0178121499755541,-0.1409807424164743,-0.09460252546616987,1567457517529
6660,6660,462,Gyroscope,0.019590557296382323,-0.14299276749829778,-0.09711888596397011,1567457517532
6662,6662,462,Gyroscope,0.024841185026157238,-0.14519465328427023,-0.09942774066775427,1567457517534
6664,6664,462,Gyroscope,0.03192320726955186,-0.1484457538998698,-0.10081072110248318,1567457517535
6666,6666,462,Gyroscope,0.03734353639843582,-0.14915564381006327,-0.1019161623149599,1567457517537
6667,6667,462,Gyroscope,0.04074778977296731,-0.1444329975111732,-0.10405137960951266,1567457517539
6669,6669,462,Gyroscope,0.044179593015182345,-0.13649123508295338,-0.10722349685150655,1567457517541
6671,6671,462,Gyroscope,0.04798845068595557,-0.12972010615993984,-0.10988843341684106,1567457517543
6674,6674,462,Gyroscope,0.05060206964208987,-0.12484743976502229,-0.11057192063695023,1567457517546
6676,6676,462,Gyroscope,0.050923214396362534,-0.11841920383823919,-0.10966649225309835,1567457517547
6677,6677,462,Gyroscope,0.048787081431076566,-0.10786683069915129,-0.10929430077565877,1567457517549
6679,6679,462,Gyroscope,0.044919649770923165,-0.09495447686135411,-0.11076407786860451,1567457517551
6681,6681,462,Gyroscope,0.041633959558042485,-0.08348476599269958,-0.11298971580833123,1567457517553
6684,6684,462,Gyroscope,0.041393785183125524,-0.07555399139926941,-0.11420575795900939,1567457517555
6686,6686,462,Gyroscope,0.04365066053948863,-0.0708690303246888,-0.11386858846590772,1567457517558
6687,6687,462,Gyroscope,0.0451152285967196,-0.0672046272895726,-0.1119365569035316,1567457517560
6690,6690,462,Gyroscope,0.04440024252621855,-0.06101495963185717,-0.10777499486940849,1567457517561
6692,6692,462,Gyroscope,0.043937807219935676,-0.05048910193002949,-0.10109628105616711,1567457517563
6694,6694,462,Gyroscope,0.04537764426108583,-0.037755902930239976,-0.09320713568462775,1567457517565
6696,6696,462,Gyroscope,0.04649016021534594,-0.02555657013321833,-0.08605115430074696,1567457517567
6698,6698,462,Gyroscope,0.04527120271732767,-0.013226261433824889,-0.07991693917016612,1567457517570
6700,6700,462,Gyroscope,0.04309829108451423,0.0014383619744460447,-0.07304220232896003,1567457517572
6702,6702,462,Gyroscope,0.04138928197795318,0.01783199870010066,-0.06417988700777141,1567457517573
6704,6704,462,Gyroscope,0.03939538605985765,0.03260773444895106,-0.054402324935508825,1567457517575
6706,6706,462,Gyroscope,0.037018705494201165,0.043249462007535114,-0.04504074336869479,1567457517577
6708,6708,462,Gyroscope,0.03591035077308412,0.04954871052701758,-0.03555810095597726,1567457517579
6710,6710,462,Gyroscope,0.03649387897479343,0.05257608901466142,-0.025320473112909813,1567457517582
6712,6712,462,Gyroscope,0.03672307055487049,0.05393700072956296,-0.015414357760799562,1567457517584
6714,6714,462,Gyroscope,0.034834134462962865,0.05452318438300292,-0.006539484481541111,1567457517585
6716,6716,462,Gyroscope,0.0315437751171167,0.053210532685221634,0.002880326219591518,1567457517587
6718,6718,462,Gyroscope,0.0286811639129423,0.04897143545557117,0.014042503166270776,1567457517589
6720,6720,462,Gyroscope,0.02697366932050123,0.04342449703047772,0.025082464996673107,1567457517591
6722,6722,462,Gyroscope,0.02583273329381223,0.038413873987375606,0.03353871232402088,1567457517594
6724,6724,462,Gyroscope,0.024121385476704567,0.033288658583389794,0.03960806842343856,1567457517596
6726,6726,462,Gyroscope,0.020948450183027545,0.027533999105793846,0.044938294094225936,1567457517597
6728,6728,462,Gyroscope,0.016791275668639277,0.02317415769995288,0.050277943826054654,1567457517599
6729,6729,462,Gyroscope,0.013088519056136241,0.022027892920629677,0.05553424278201528,1567457517601
6731,6731,462,Gyroscope,0.010092116450857763,0.023187348155373214,0.060138742996740435,1567457517603
6733,6733,462,Gyroscope,0.006995642104835066,0.025031776526822827,0.06308248725295505,1567457517605
6735,6735,462,Gyroscope,0.0036127529315607664,0.027804728618648307,0.06427791238998967,1567457517608
6737,6737,462,Gyroscope,-0.0007061092929827854,0.03273988829602864,0.06520817250343718,1567457517610
6739,6739,462,Gyroscope,-0.007383222293917731,0.03996841532806951,0.06683039346616675,1567457517611
6741,6741,462,Gyroscope,-0.0150637962712134,0.04870790867543936,0.06806768882237588,1567457517613
6743,6743,462,Gyroscope,-0.01963334775806507,0.05831405478418692,0.067416904436684,1567457517615
6745,6745,462,Gyroscope,-0.020198325419086584,0.06779260702190257,0.06478572377597669,1567457517618
6747,6747,462,Gyroscope,-0.02101335256154458,0.07585715889870241,0.061219055769803646,1567457517620
6749,6749,462,Gyroscope,-0.0254943623783249,0.08244898814706166,0.058150845489340595,1567457517622
6751,6751,462,Gyroscope,-0.03177871223785622,0.08845797365999167,0.05721211187648556,1567457517623
6753,6753,462,Gyroscope,-0.03640580209746173,0.09421233924883665,0.058908812710610395,1567457517625
6755,6755,462,Gyroscope,-0.039729712352871836,0.09971903151502892,0.061028314050007075,1567457517627
6757,6757,462,Gyroscope,-0.044707536785374064,0.1044339685703399,0.06083868152262636,1567457517629
6759,6759,462,Gyroscope,-0.05189621451090859,0.10609705257698059,0.05902807090785091,1567457517632
6761,6761,462,Gyroscope,-0.05877947312973947,0.10300941305000438,0.05847352794927252,1567457517634
6763,6763,462,Gyroscope,-0.0633964352665844,0.09681369599957962,0.05983271806018221,1567457517635
6765,6765,462,Gyroscope,-0.06604647447768243,0.08955179562450766,0.06138562169309822,1567457517637
6767,6767,462,Gyroscope,-0.06755978283598371,0.08060889415653676,0.06178077305764641,1567457517639
6770,6770,462,Gyroscope,-0.06807283835231905,0.06971527744394442,0.06076681561821684,1567457517642
6772,6772,462,Gyroscope,-0.06759744459531039,0.05846300257186402,0.05907795578770538,1567457517644
6774,6774,462,Gyroscope,-0.06577665901433247,0.04637252912916638,0.05839857405338381,1567457517645
6776,6776,462,Gyroscope,-0.06155648030518858,0.03128142968727145,0.05932661400893843,1567457517647
6778,6778,462,Gyroscope,-0.055302783108507295,0.015114214868307241,0.05988535144891132,1567457517649
6780,6780,462,Gyroscope,-0.049517836734620846,0.0022995739898717766,0.05815960179032821,1567457517651
6782,6782,462,Gyroscope,-0.045036433097070526,-0.007874590650806722,0.05473782757465219,1567457517654
6784,6784,462,Gyroscope,-0.039515370684908055,-0.019435164995898774,0.050756318614160204,1567457517656
6786,6786,462,Gyroscope,-0.03199411589497252,-0.03140108778430232,0.04608203721947769,1567457517657
6787,6787,462,Gyroscope,-0.025183900542969085,-0.039387983185247014,0.040900866990819434,1567457517659
6789,6789,462,Gyroscope,-0.021321546685633082,-0.04291903519291712,0.03646334761543313,1567457517661
6791,6791,462,Gyroscope,-0.019336490949953197,-0.04406968584087908,0.03314188328645524,1567457517663
6793,6793,462,Gyroscope,-0.017187095792618755,-0.04235794673621705,0.029848522038842324,1567457517665
6795,6795,462,Gyroscope,-0.014064000945774209,-0.036180752098616466,0.02610192893977216,1567457517668
6797,6797,462,Gyroscope,-0.010212861765007086,-0.026123175549548357,0.02295990289939895,1567457517670
6799,6799,462,Gyroscope,-0.006744431833287511,-0.013985380538607569,0.021056219965721143,1567457517671
6801,6801,462,Gyroscope,-0.005014057127671749,-0.0008662255362377083,0.01923654038650123,1567457517673
6803,6803,462,Gyroscope,-0.004988483612139733,0.012834928200826448,0.016743929327693516,1567457517675
6806,6806,462,Gyroscope,-0.00521740056939498,0.02718880775815475,0.01543816324373162,1567457517678
6808,6808,462,Gyroscope,-0.004828800369987427,0.042552000508271945,0.017182226470119303,1567457517680
6809,6809,462,Gyroscope,-0.004267839972841908,0.05848650821834222,0.02005356312277964,1567457517682
6811,6811,462,Gyroscope,-0.0036399985062293676,0.07339419097597724,0.02075866014763753,1567457517684
6814,6814,462,Gyroscope,-0.0018717894894051267,0.08597587591426273,0.020038278793270033,1567457517685
6816,6816,462,Gyroscope,0.0011734289922565317,0.09606023782242604,0.02135160529009276,1567457517687
6818,6818,462,Gyroscope,0.003398609247542279,0.10387524394874185,0.024711726032377417,1567457517690
6820,6820,462,Gyroscope,0.0034714084352221735,0.10995266701518769,0.026587698421133756,1567457517692
6822,6822,462,Gyroscope,0.003321422539614231,0.1151846378059698,0.025828390613313067,1567457517694
6824,6824,462,Gyroscope,0.0052935957526145565,0.11957238487508837,0.025113883322078694,1567457517695
6826,6826,462,Gyroscope,0.00902189094207924,0.12209316135957628,0.026263052831009364,1567457517697
6828,6828,462,Gyroscope,0.013052192928471422,0.12277766799829684,0.027824243526565293,1567457517699
6829,6829,462,Gyroscope,0.016801675560589962,0.12339730162141127,0.027808904137541897,1567457517701
6831,6831,462,Gyroscope,0.019541217686286597,0.12543712352415884,0.0262937688697161,1567457517704
6833,6833,462,Gyroscope,0.020455503567646173,0.1287815302962,0.02448828583165705,1567457517706
6835,6835,462,Gyroscope,0.02062299618378194,0.1325493097528806,0.022563807867883243,1567457517708
6837,6837,462,Gyroscope,0.022057261968645596,0.13570361543206222,0.01958114694559012,1567457517709
6839,6839,462,Gyroscope,0.024116771012659292,0.13725406296563067,0.014940825001331592,1567457517711
6841,6841,462,Gyroscope,0.023726358765827196,0.13770360265017179,0.009034520487964829,1567457517713
6843,6843,462,Gyroscope,0.0203620766585767,0.13908374473832094,0.003214902536018506,1567457517715
6845,6845,462,Gyroscope,0.01803205004259072,0.14153468975313477,-0.0009909268611422279,1567457517718
6847,6847,462,Gyroscope,0.019979276626695595,0.1422479457768769,-0.003751282223372709,1567457517720
6850,6850,462,Gyroscope,0.02359345873246392,0.1401384841836727,-0.006777006345816803,1567457517721
6852,6852,462,Gyroscope,0.02371299218112024,0.13847139687273924,-0.010423909853078834,1567457517723
6854,6854,462,Gyroscope,0.019743480061766863,0.14022784364586258,-0.013153129782939112,1567457517725
6856,6856,462,Gyroscope,0.01629977886870678,0.14372181313473648,-0.014302538981123842,1567457517728
6858,6858,462,Gyroscope,0.017166991630753275,0.14096156944728352,-0.014861500026904059,1567457517730
6860,6860,462,Gyroscope,0.021229819746033544,0.14408367015027834,-0.015483676114936146,1567457517732
6862,6862,462,Gyroscope,0.024652053087867793,0.14210316762931885,-0.01590458473472537,1567457517733
6864,6864,462,Gyroscope,0.025660450859990476,0.14109809500669782,-0.0157108802953565,1567457517735
6866,6866,462,Gyroscope,0.02616933843775756,0.14096156944728352,-0.014280937950042108,1567457517737
6868,6868,462,Gyroscope,0.028329398389309583,0.14064265459583203,-0.011496573929721272,1567457517740
6870,6870,462,Gyroscope,0.031129634269296356,0.13986982710886212,-0.008865921930977164,1567457517742
6872,6872,462,Gyroscope,0.03225021230956887,0.13978653334879212,-0.0075521874920915985,1567457517744
6874,6874,462,Gyroscope,0.031467991889816894,0.14180211263297493,-0.006094394063185227,1567457517745
6876,6876,462,Gyroscope,0.030313321622057878,0.14583415647037867,-0.0027224769682265525,1567457517747
6878,6878,462,Gyroscope,0.029781935151646018,0.14986142016271023,0.0016017896448446759,1567457517749
6880,6880,462,Gyroscope,0.029279244207657228,0.15181813610671643,0.004473824226864459,1567457517752
6882,6882,462,Gyroscope,0.027371076889806806,0.15221047456647593,0.005145857956072072,1567457517754
6884,6884,462,Gyroscope,0.02388503422113158,0.15378641827421483,0.00545253223568184,1567457517756
6886,6886,462,Gyroscope,0.020674492823086678,0.15796298289494612,0.007522187954836584,1567457517758
6888,6888,462,Gyroscope,0.019391511120689417,0.16304447371479586,0.010570287759679695,1567457517759
6890,6890,462,Gyroscope,0.019505513732563574,0.16685768530190628,0.01173696889013998,1567457517761
6892,6892,462,Gyroscope,0.019058700831755454,0.16922419760183713,0.010435198619269129,1567457517763
6894,6894,462,Gyroscope,0.01656147593247411,0.17069214262051302,0.009131633369564074,1567457517766
6896,6896,462,Gyroscope,0.012207954212291134,0.17093676669099006,0.009440460126121975,1567457517768
6898,6898,462,Gyroscope,0.007212437661951999,0.16976278135506256,0.010024568393386182,1567457517770
6900,6900,462,Gyroscope,0.0018938713913151108,0.16815395369039626,0.008884281288959394,1567457517771
6902,6902,462,Gyroscope,-0.004153213092629017,0.16701751249227909,0.006154789353599687,1567457517773
6904,6904,462,Gyroscope,-0.0105099038642633,0.16520950301284562,0.0038920894421405157,1567457517775
6906,6906,462,Gyroscope,-0.016811145661463897,0.1598456155921267,0.0033973760669530183,1567457517778
6908,6908,462,Gyroscope,-0.02362402267010158,0.14935696098949958,0.003365903044917144,1567457517780
6910,6910,462,Gyroscope,-0.03062880879522642,0.1354844528896022,0.001416272520426128,1567457517782
6912,6912,462,Gyroscope,-0.036257921209861224,0.12096971898067477,-0.0023260537321043713,1567457517783
6914,6914,462,Gyroscope,-0.03982491931426928,0.10581488193456837,-0.004791592732625149,1567457517785
6916,6916,462,Gyroscope,-0.04198940772442528,0.08756817752735807,-0.004588678118263392,1567457517787
6918,6918,462,Gyroscope,-0.04345869911653347,0.06572693921894338,-0.004276001246886026,1567457517790
6920,6920,462,Gyroscope,-0.04427994959505577,0.043678089793226384,-0.005530903214034197,1567457517792
6922,6922,462,Gyroscope,-0.044135129375190194,0.02463899289103417,-0.006184769032517397,1567457517794
6923,6923,462,Gyroscope,-0.043430498585795035,0.008397500315725673,-0.0048480549034015125,1567457517795
6925,6925,462,Gyroscope,-0.04338798001341443,-0.005825066047491775,-0.0036683027287783224,1567457517797
6928,6928,462,Gyroscope,-0.04388205973232028,-0.016778107915318537,-0.004172681179820779,1567457517799
6930,6930,462,Gyroscope,-0.042851422492368244,-0.023491012836658255,-0.004733379947840038,1567457517802
6932,6932,462,Gyroscope,-0.03965227668001896,-0.026698257478153825,-0.0036084620044714386,1567457517804
6934,6934,462,Gyroscope,-0.03664844402344257,-0.026624946398142616,-0.0012630864058581935,1567457517806
6936,6936,462,Gyroscope,-0.035478190832657866,-0.022612364490108932,0.000888105572761354,1567457517807
6938,6938,462,Gyroscope,-0.03452900969399162,-0.015846071964416536,0.0020188738482105556,1567457517809
6940,6940,462,Gyroscope,-0.03212561163403332,-0.009053485158739865,0.002391444040973966,1567457517812
6941,6941,462,Gyroscope,-0.029190717817777757,-0.002258309072342277,0.0032577357219332045,1567457517814
6944,6944,462,Gyroscope,-0.026800864714543255,0.0074039650237743785,0.005358671855748285,1567457517816
6946,6946,462,Gyroscope,-0.02434510591255671,0.02006063221269398,0.007425551442761967,1567457517817
6948,6948,462,Gyroscope,-0.021872578417174222,0.0316100129187219,0.00759518795336667,1567457517819
6950,6950,462,Gyroscope,-0.020788355928002412,0.039076307024146904,0.006048226076043425,1567457517821
6952,6952,462,Gyroscope,-0.02077716514832729,0.04260102014121682,0.004777799597576694,1567457517823
6954,6954,462,Gyroscope,-0.01966518586583432,0.04210856962086557,0.00502895554218201,1567457517826
6956,6956,462,Gyroscope,-0.017274612205180534,0.036824271945775616,0.006021327598313517,1567457517828
6957,6957,462,Gyroscope,-0.015813910062023023,0.026567389596762567,0.006105537112181293,1567457517830
6959,6959,462,Gyroscope,-0.016354840950877657,0.010510090802128932,0.004687220954990228,1567457517832
6961,6961,462,Gyroscope,-0.018262607719965122,-0.01215971586341469,0.002493752483300329,1567457517833
6963,6963,462,Gyroscope,-0.02099455975612945,-0.04053921168256811,-0.0002783345300078952,1567457517835
6965,6965,462,Gyroscope,-0.023853081131477098,-0.07444373915680166,-0.004690398489752347,1567457517838
6967,6967,462,Gyroscope,-0.02635986370916167,-0.114307671103543,-0.011005838782268405,1567457517840
6970,6970,462,Gyroscope,-0.03006738433233906,-0.1561398322995216,-0.017805653210573445,1567457517842
6972,6972,462,Gyroscope,-0.03635944508441801,-0.19371046944427373,-0.024153094935472408,1567457517843
6974,6974,462,Gyroscope,-0.04294862833353516,-0.22735739208195305,-0.03072034735080849,1567457517845
6976,6976,462,Gyroscope,-0.04708205749418856,-0.2630507059842978,-0.03832029184413234,1567457517847
6977,6977,462,Gyroscope,-0.0499546072618918,-0.3016926544453923,-0.04687883478830465,1567457517849
6979,6979,462,Gyroscope,-0.05304273141781439,-0.3370323593936386,-0.05601399360982784,1567457517852
6981,6981,462,Gyroscope,-0.05410201270871802,-0.36549658449826594,-0.06585890698683097,1567457517854
6983,6983,462,Gyroscope,-0.05168439509559142,-0.3893502934781216,-0.07666388423226367,1567457517856
6985,6985,462,Gyroscope,-0.0486944067246302,-0.40854346393346097,-0.08717363878354095,1567457517857
6988,6988,462,Gyroscope,-0.047329489506015184,-0.4194119441594849,-0.09501674802750704,1567457517859
6990,6990,462,Gyroscope,-0.04516362364819437,-0.4227628118007838,-0.10057415585892901,1567457517862
6992,6992,462,Gyroscope,-0.0391658641672354,-0.4238665126125953,-0.10796296004200447,1567457517864
6993,6993,462,Gyroscope,-0.029814287974079964,-0.42426339241346156,-0.1189854794107502,1567457517866
6995,6995,462,Gyroscope,-0.019291750696077747,-0.4207100119554408,-0.1295070095406393,1567457517868
6998,6998,462,Gyroscope,-0.008590928104892055,-0.4113913820505207,-0.13592581691459477,1567457517869
7000,7000,462,Gyroscope,0.0020377030355461984,-0.3987148509594516,-0.14073068354904672,1567457517871
7002,7002,462,Gyroscope,0.011886490259267668,-0.3868024942667089,-0.1471011428507238,1567457517874
7004,7004,462,Gyroscope,0.020215862041526856,-0.37792786133555445,-0.1531704637235961,1567457517876
7006,7006,462,Gyroscope,0.027106946490296612,-0.3706199031488343,-0.15607067782627942,1567457517878
7007,7007,462,Gyroscope,0.03359630477799978,-0.36148509087227154,-0.15684309855990997,1567457517879
7009,7009,462,Gyroscope,0.04039099114547821,-0.3494377663565564,-0.15750598894660248,1567457517882
7011,7011,462,Gyroscope,0.0464475397542807,-0.3359815756707444,-0.15679244212533783,1567457517884
7013,7013,462,Gyroscope,0.050456736421359324,-0.3210189366120791,-0.15216485835668594,1567457517886
7015,7015,462,Gyroscope,0.052942646615829855,-0.3025794293897864,-0.14441135307246578,1567457517888
7017,7017,462,Gyroscope,0.05477733775187356,-0.28068770909398966,-0.13679841082137023,1567457517889
7019,7019,462,Gyroscope,0.055502172883067434,-0.25676012041610696,-0.12959116495802564,1567457517891
7021,7021,462,Gyroscope,0.054817971118839806,-0.23092074848406838,-0.11961582446178126,1567457517894
7023,7023,462,Gyroscope,0.05339693426903493,-0.20407773899391302,-0.10623653169392644,1567457517896
7026,7026,462,Gyroscope,0.05162596951734903,-0.1785024119986468,-0.09264981658191446,1567457517898
7028,7028,462,Gyroscope,0.049462232831596786,-0.1529180319952939,-0.0802429825225521,1567457517900
7030,7030,462,Gyroscope,0.04703892840442224,-0.12285476870743642,-0.06697571355876406,1567457517901
7032,7032,462,Gyroscope,0.04441580555690687,-0.08846087614486081,-0.05155978677639407,1567457517903
7034,7034,462,Gyroscope,0.04149620031868672,-0.05453910476150233,-0.034248284519368594,1567457517906
7036,7036,462,Gyroscope,0.03804041524760349,-0.021422702002444546,-0.014336541488963,1567457517907
7037,7037,462,Gyroscope,0.03338808021425527,0.014410974541142813,0.008516911120369628,1567457517909
7039,7039,462,Gyroscope,0.027233939787691973,0.05036304536087076,0.03191000223082749,1567457517912
7041,7041,462,Gyroscope,0.020557466438524196,0.07986133375090058,0.053398502011770405,1567457517914
7043,7043,462,Gyroscope,0.014450128017479684,0.1041474615393105,0.07421319862937664,1567457517915
7045,7045,462,Gyroscope,0.008597760904636252,0.13080927855520505,0.09747147810072755,1567457517917
7047,7047,462,Gyroscope,0.001983348751154421,0.1613316135635585,0.12339943573321188,1567457517920
7049,7049,462,Gyroscope,-0.005953023934613837,0.19035450485549857,0.1491847781831091,1567457517921
7051,7051,462,Gyroscope,-0.015258610467066083,0.216256115082409,0.1735956299456097,1567457517924
7053,7053,462,Gyroscope,-0.02511181278795542,0.24219637161872315,0.19760397581652953,1567457517925
7055,7055,462,Gyroscope,-0.03388032521180468,0.267898784178947,0.22029844738692833,1567457517927
7057,7057,462,Gyroscope,-0.0407743419041804,0.2899043772003215,0.23939297051642983,1567457517930
7059,7059,462,Gyroscope,-0.04645433157939201,0.30787364848343185,0.2551882284557008,1567457517931
7061,7061,462,Gyroscope,-0.05163994888417439,0.3237740948603079,0.2692974892901405,1567457517934
7063,7063,462,Gyroscope,-0.05630130074271498,0.3380123876208126,0.2809147988284766,1567457517936
7065,7065,462,Gyroscope,-0.0599916385657249,0.3500580931966302,0.28759776255715924,1567457517937
7067,7067,462,Gyroscope,-0.06236638117069144,0.3596697052842919,0.2885579640435601,1567457517940
7069,7069,462,Gyroscope,-0.06316057252180235,0.36607915896265303,0.2857568903412855,1567457517942
7071,7071,462,Gyroscope,-0.06122992899358959,0.3683671140662577,0.2820259286845127,1567457517943
7073,7073,462,Gyroscope,-0.05544637471499751,0.36713122825996114,0.2784014907565188,1567457517946
7075,7075,462,Gyroscope,-0.0480909452632153,0.36435043584594057,0.2739341815574916,1567457517948
7077,7077,462,Gyroscope,-0.04367033126194415,0.3616876962094171,0.2676866781005253,1567457517949
7079,7079,462,Gyroscope,-0.042137695062800865,0.36009365392530235,0.2593241483037445,1567457517951
7081,7081,462,Gyroscope,-0.03804566306796402,0.3604074389263816,0.24867538459503202,1567457517954
7083,7083,462,Gyroscope,-0.02851333427467021,0.36275207843426294,0.23670516275500803,1567457517956
7085,7085,462,Gyroscope,-0.016846694889856014,0.3661187439707008,0.22553312697571726,1567457517957
7087,7087,462,Gyroscope,-0.006556436001524253,0.3697328831292429,0.21574464967112264,1567457517960
7089,7089,462,Gyroscope,0.0026786643521438313,0.3735276953506188,0.20560361482171696,1567457517962
7091,7091,462,Gyroscope,0.011388257857580134,0.3769532389250685,0.19446507671824034,1567457517963
7094,7094,462,Gyroscope,0.0185283670574556,0.3790858540500498,0.18446402308539617,1567457517966
7095,7095,462,Gyroscope,0.025246629271269184,0.3794840974401058,0.17727276775032325,1567457517967
7097,7097,462,Gyroscope,0.03468815882687876,0.37776228995845906,0.17175189974070548,1567457517969
7099,7099,462,Gyroscope,0.046481637694919566,0.3736537949947236,0.16592827411000788,1567457517972
7101,7101,462,Gyroscope,0.057050434504688635,0.36761289631399163,0.1592592961645568,1567457517974
7103,7103,462,Gyroscope,0.06637435164066093,0.3595115073867164,0.15256446346936248,1567457517975
7105,7105,462,Gyroscope,0.07833258436213604,0.34771653557844795,0.14697201154668704,1567457517978
7107,7107,462,Gyroscope,0.0932251784941558,0.33104716809014667,0.1430152684064614,1567457517980
7109,7109,462,Gyroscope,0.10651721047309495,0.3098063432853666,0.1404632933228891,1567457517981
7111,7111,462,Gyroscope,0.1164912239529248,0.2844545170181577,0.13887588857900512,1567457517984
7113,7113,462,Gyroscope,0.12658043954185796,0.25594976482748233,0.13761977731398073,1567457517985
7115,7115,462,Gyroscope,0.1385311670649298,0.2267474044632683,0.1355693781691465,1567457517988
7117,7117,462,Gyroscope,0.1491838613958397,0.19836803161373126,0.13247611268088355,1567457517990
7119,7119,462,Gyroscope,0.15580554071712607,0.1686940858817949,0.13058589713030203,1567457517991
7121,7121,462,Gyroscope,0.1601706273898251,0.13455430584975278,0.1324210053428511,1567457517994
7124,7124,462,Gyroscope,0.16525636087490145,0.09658201724493023,0.13631339148551375,1567457517996
7126,7126,462,Gyroscope,0.17061319686752424,0.05795805294603527,0.13689142148620867,1567457517997
7128,7128,462,Gyroscope,0.17316266934428673,0.01888577947546654,0.1316120168292199,1567457518000
7130,7130,462,Gyroscope,0.1710468625507652,-0.02195469970181873,0.12416840702525159,1567457518002
7132,7132,462,Gyroscope,0.16538729241714367,-0.06172085685092147,0.11916437273055547,1567457518003
7134,7134,462,Gyroscope,0.1592362327443655,-0.0965151672453316,0.11597833466521516,1567457518006
7136,7136,462,Gyroscope,0.15433459775409544,-0.1279581243533786,0.11039794222470982,1567457518007
7138,7138,462,Gyroscope,0.14865399880420552,-0.1600216801810627,0.10046647668806886,1567457518009
7139,7139,462,Gyroscope,0.13969132547100996,-0.19228128493535426,0.08847624111091892,1567457518012
7141,7141,462,Gyroscope,0.12902837714865162,-0.22123338339150478,0.07708813180905946,1567457518014
7144,7144,462,Gyroscope,0.11963117214344896,-0.24527998007599736,0.0652029760223123,1567457518015
7146,7146,462,Gyroscope,0.11122437881380157,-0.2646787537241827,0.05045883375712645,1567457518018
7148,7148,462,Gyroscope,0.10242237868931381,-0.27928688916979144,0.03449213319279311,1567457518020
7150,7150,462,Gyroscope,0.09433687833123255,-0.2893980003934926,0.020959558044949735,1567457518021
7151,7151,462,Gyroscope,0.08879930861462189,-0.29651757863219985,0.009375104650006781,1567457518023
7153,7153,462,Gyroscope,0.08513290103558584,-0.3016212440811302,-0.004098636419261541,1567457518026
7155,7155,462,Gyroscope,0.08087031355220202,-0.3048890006611391,-0.020793816141795235,1567457518028
7157,7157,462,Gyroscope,0.07518148664884579,-0.30727008582906823,-0.03874944935962649,1567457518029
7159,7159,462,Gyroscope,0.07012280962754122,-0.30961320958062577,-0.05614595626964976,1567457518032
7161,7161,462,Gyroscope,0.06757252769003037,-0.3105783682206896,-0.07204177069695619,1567457518034
7163,7163,462,Gyroscope,0.06617595911246496,-0.3081447882441033,-0.08656914729200242,1567457518035
7165,7165,462,Gyroscope,0.06331140029234705,-0.3028871646757414,-0.10249317913762684,1567457518038
7167,7167,462,Gyroscope,0.05899552003212816,-0.29734030317509047,-0.12173983898681627,1567457518040
7169,7169,462,Gyroscope,0.05541243385218044,-0.29278604999797186,-0.14053315111395917,1567457518041
7171,7171,462,Gyroscope,0.05362122238081035,-0.28871969460327357,-0.15450468901452516,1567457518044
7174,7174,462,Gyroscope,0.05274264407313256,-0.2840722563302476,-0.16618999197565237,1567457518046
7175,7175,462,Gyroscope,0.05140506345299953,-0.27755876647081246,-0.18048247784782767,1567457518047
7177,7177,462,Gyroscope,0.04936252093831378,-0.26915172950373,-0.19636387239929048,1567457518050
7179,7179,462,Gyroscope,0.048108481964281746,-0.26120245287182325,-0.2097716042467055,1567457518052
7181,7181,462,Gyroscope,0.04836906410672934,-0.2546600686043359,-0.2211532371118747,1567457518054
7183,7183,462,Gyroscope,0.04778157989905547,-0.24643877804041064,-0.23362971068465535,1567457518056
7186,7186,462,Gyroscope,0.04458061711085576,-0.2353406320102659,-0.24578900978342783,1567457518057
7188,7188,462,Gyroscope,0.041074286057657394,-0.22608194825665306,-0.25298369795108727,1567457518060
7190,7190,462,Gyroscope,0.03903954984117862,-0.22180917557076069,-0.2552215879475723,1567457518062
7192,7192,462,Gyroscope,0.036167472817197746,-0.21839698531728532,-0.25747942852472766,1567457518064
7193,7193,462,Gyroscope,0.03120794361900287,-0.21070498638813032,-0.26198838081578546,1567457518066
7195,7195,462,Gyroscope,0.02671381241589974,-0.19826117336462434,-0.26574878705016824,1567457518067
7197,7197,462,Gyroscope,0.0238398097009129,-0.18314904130674636,-0.26624183292033193,1567457518069
7199,7199,462,Gyroscope,0.020524250641673295,-0.16825612143405833,-0.2647900225602886,1567457518072
7201,7201,462,Gyroscope,0.01569577514223378,-0.15619440458549938,-0.26309432213602696,1567457518073
7203,7203,462,Gyroscope,0.009967707705806989,-0.1461061697787599,-0.26063866749604486,1567457518076
7205,7205,462,Gyroscope,0.0031325609825663984,-0.13553810515500028,-0.25738275424754825,1567457518078
7207,7207,462,Gyroscope,-0.004878015726420474,-0.12590066778679826,-0.2551595202546046,1567457518080
7209,7209,462,Gyroscope,-0.012609871077894071,-0.12027636448831297,-0.2541387458329863,1567457518082
7211,7211,462,Gyroscope,-0.01966191193579738,-0.11777765510311863,-0.25185053179548916,1567457518084
7213,7213,462,Gyroscope,-0.02797413116390348,-0.11577389361319715,-0.2480120777383427,1567457518085
7215,7215,462,Gyroscope,-0.03834416521204902,-0.1149586285569934,-0.24580289001731265,1567457518088
7217,7217,462,Gyroscope,-0.048916114722150156,-0.11778638651793182,-0.245901583012833,1567457518090
7220,7220,462,Gyroscope,-0.0589490993668261,-0.12404949353554684,-0.24413015301733224,1567457518092
7222,7222,462,Gyroscope,-0.07033065067587649,-0.13109614339464484,-0.2378155705648361,1567457518093
7223,7223,462,Gyroscope,-0.08388206035821294,-0.13764899248446172,-0.23026309417209578,1567457518095
7225,7225,462,Gyroscope,-0.09754128850741739,-0.14542289091729677,-0.22604261836513106,1567457518098
7227,7227,462,Gyroscope,-0.10878123254913852,-0.15655671223973983,-0.22491183481717758,1567457518100
7229,7229,462,Gyroscope,-0.11676371631598842,-0.17047776538439713,-0.22334634055215893,1567457518102
7231,7231,462,Gyroscope,-0.12264201048566892,-0.18425965339428674,-0.21993284746141312,1567457518104
7233,7233,462,Gyroscope,-0.12839818204565373,-0.19623247364652524,-0.21578302468417754,1567457518105
7235,7235,462,Gyroscope,-0.1345226366905036,-0.20818003957379105,-0.21115087462318802,1567457518107
7237,7237,462,Gyroscope,-0.13957124096501314,-0.22217812586812874,-0.20563865610259846,1567457518110
7239,7239,462,Gyroscope,-0.14285235175104452,-0.2364676835822815,-0.20018259063044674,1567457518112
7241,7241,462,Gyroscope,-0.14550985271534422,-0.248082966010089,-0.19474380643720024,1567457518114
7243,7243,462,Gyroscope,-0.14772238210055882,-0.25845678983615517,-0.18668567658797686,1567457518116
7246,7246,462,Gyroscope,-0.14770951569838464,-0.2718931177019568,-0.1755191124897683,1567457518117
7247,7247,462,Gyroscope,-0.14498997235280733,-0.2892564796523742,-0.1650720682559024,1567457518119
7249,7249,462,Gyroscope,-0.14138944036501963,-0.3075839720821194,-0.1570595271669235,1567457518122
7251,7251,462,Gyroscope,-0.1381293206613656,-0.3252782020942445,-0.14804108373549973,1567457518124
7253,7253,462,Gyroscope,-0.13538067250172395,-0.34303902479730064,-0.13581148487042363,1567457518126
7256,7256,462,Gyroscope,-0.13382690795844487,-0.35985716742118223,-0.1221339022699228,1567457518128
7257,7257,462,Gyroscope,-0.13328177028388727,-0.3726863941825447,-0.10765531976558868,1567457518129
7259,7259,462,Gyroscope,-0.13190558630806587,-0.379895415264068,-0.0913350911919171,1567457518131
7262,7262,462,Gyroscope,-0.129194006902505,-0.38037773582965756,-0.07455076890551902,1567457518134
7264,7264,462,Gyroscope,-0.12687035397776503,-0.3696888022569511,-0.05950145905696418,1567457518136
7266,7266,462,Gyroscope,-0.1256297926046578,-0.3432810407311837,-0.04558029554199183,1567457518138
7268,7268,462,Gyroscope,-0.1242512209627532,-0.30483506955702044,-0.03142890833856402,1567457518140
7270,7270,462,Gyroscope,-0.12285268598880489,-0.2636467025039302,-0.01761314589780199,1567457518141
7272,7272,462,Gyroscope,-0.12369689611154322,-0.2197282534103827,-0.004797336362241573,1567457518144
7274,7274,462,Gyroscope,-0.12730714121142547,-0.16099913136302973,0.008293403168180061,1567457518146
7276,7276,462,Gyroscope,-0.13107979450380128,-0.0829122017221404,0.023113401898042354,1567457518148
7278,7278,462,Gyroscope,-0.133458631826044,-0.00028929857887099834,0.03864673664172146,1567457518150
7279,7279,462,Gyroscope,-0.13579223555331502,0.07093919340434822,0.052631018087503215,1567457518152
7282,7282,462,Gyroscope,-0.13858252596368592,0.13364295579554916,0.06531952265710828,1567457518153
7284,7284,462,Gyroscope,-0.14019591234642506,0.19956624164461398,0.07962626640428502,1567457518156
7286,7286,462,Gyroscope,-0.14041653448197178,0.2680422361550252,0.09664771164454539,1567457518158
7288,7288,462,Gyroscope,-0.14106534659724737,0.32762915009487786,0.11339495072510053,1567457518160
7290,7290,462,Gyroscope,-0.14266462515286638,0.37394941423233163,0.1266292640426647,1567457518162
7292,7292,462,Gyroscope,-0.14410107400418126,0.41244880176598836,0.13659540484949229,1567457518163
7294,7294,462,Gyroscope,-0.1452753754943095,0.4466656812139573,0.14504226930659822,1567457518165
7296,7296,462,Gyroscope,-0.1468190695974969,0.47554824412492236,0.1522286189405967,1567457518168
7298,7298,462,Gyroscope,-0.1476789861046592,0.49806645397748583,0.15803138936045996,1567457518170
7300,7300,462,Gyroscope,-0.1462262764044982,0.5126330629430127,0.16356825038938055,1567457518172
7302,7302,462,Gyroscope,-0.14311271240418208,0.5174107623555957,0.1693866285599974,1567457518174
7304,7304,462,Gyroscope,-0.13946109452991678,0.5138634990758582,0.17383730589587884,1567457518175
7306,7306,462,Gyroscope,-0.1337466471597989,0.5051845162345864,0.1757947372860863,1567457518177
7308,7308,462,Gyroscope,-0.12447808056358742,0.4920325057349967,0.17725516058569324,1567457518180
7310,7310,462,Gyroscope,-0.11296019907060509,0.4720206701483763,0.17983731829453153,1567457518182
7311,7311,462,Gyroscope,-0.09969101493641824,0.44211033307091807,0.18069715974619666,1567457518184
7313,7313,462,Gyroscope,-0.08299855282005708,0.40314603017537876,0.17641570081483068,1567457518186
7315,7315,462,Gyroscope,-0.0642621865826637,0.36233269265100704,0.16906327650133257,1567457518188
7317,7317,462,Gyroscope,-0.048329912978548356,0.32634946261843534,0.16348469849578015,1567457518189
7319,7319,462,Gyroscope,-0.036556421853855575,0.2926702745723728,0.16012134870958272,1567457518192
7321,7321,462,Gyroscope,-0.025313268491210524,0.25441900582124494,0.15523431387560238,1567457518194
7323,7323,462,Gyroscope,-0.012736312854932617,0.21242637263348296,0.14738078035707508,1567457518196
7325,7325,462,Gyroscope,-0.0017399221382259074,0.17402011271673407,0.13979165608119837,1567457518198
7327,7327,462,Gyroscope,0.004828455460937006,0.14140359598185548,0.1360308515534202,1567457518199
7330,7330,462,Gyroscope,0.0077521000652623195,0.11092833756035615,0.13542799271758246,1567457518202
7332,7332,462,Gyroscope,0.009024617756149964,0.08216385357594688,0.13393822885773296,1567457518204
7334,7334,462,Gyroscope,0.009066601833254466,0.05863685199003284,0.1290964371620379,1567457518206
7336,7336,462,Gyroscope,0.007385949900516581,0.041442815951314924,0.12239553060933825,1567457518208
7338,7338,462,Gyroscope,0.0043605154091568895,0.028322111386046706,0.1161961275051635,1567457518209
7340,7340,462,Gyroscope,0.0018726688416667383,0.017900944378775232,0.11056318155717183,1567457518211
7342,7342,462,Gyroscope,0.0019763064211122316,0.01181062558534346,0.10411940157041508,1567457518214
7344,7344,462,Gyroscope,0.004305610365958343,0.011914440202878933,0.09597523366776503,1567457518216
7346,7346,462,Gyroscope,0.00642184231960098,0.01697173524647655,0.08627906827122847,1567457518218
7348,7348,462,Gyroscope,0.008244454563019959,0.024842533408511502,0.07597926750661926,1567457518220
7350,7350,462,Gyroscope,0.013089192534260267,0.03596672164259198,0.065923606032678,1567457518221
7352,7352,462,Gyroscope,0.021962587352562936,0.05048802019117529,0.056158639792560416,1567457518223
7354,7354,462,Gyroscope,0.03103228475464004,0.06499520209593222,0.04633936757831175,1567457518226
7356,7356,462,Gyroscope,0.037728437571129196,0.0761053595017441,0.036095048854188544,1567457518228
7358,7358,462,Gyroscope,0.04457996767805159,0.08389927948681394,0.0252138321440582,1567457518230
7360,7360,462,Gyroscope,0.05388202394076724,0.08966828413263336,0.014416711189232536,1567457518232
7362,7362,462,Gyroscope,0.06335080616348207,0.09343985086345857,0.005034605220076841,1567457518233
7364,7364,462,Gyroscope,0.07010945745029981,0.09421226990099876,-0.0030631047520598537,1567457518236
7365,7365,462,Gyroscope,0.07485240274672861,0.09082707949484328,-0.011565421041681977,1567457518238
7368,7368,462,Gyroscope,0.07942465269209573,0.0834350498640273,-0.02058038310617917,1567457518240
7370,7370,462,Gyroscope,0.08367042176256421,0.07436480873136819,-0.02783512931077501,1567457518242
7371,7371,462,Gyroscope,0.08674314602017226,0.06587893976503213,-0.032401715104805995,1567457518244
7374,7374,462,Gyroscope,0.08871743491782519,0.05742837044236325,-0.036266761037057525,1567457518245
7376,7376,462,Gyroscope,0.08959591381668394,0.04705435065989848,-0.0411437784257343,1567457518248
7377,7377,462,Gyroscope,0.08898500900199548,0.03558670843002209,-0.04679398267642394,1567457518250
7379,7379,462,Gyroscope,0.08721744018380814,0.027432645545180965,-0.05265784166095605,1567457518252
7382,7382,462,Gyroscope,0.08521563078272804,0.025963753278150585,-0.05822629982832285,1567457518254
7384,7384,462,Gyroscope,0.0834361894717404,0.030242882037121235,-0.06234208161032986,1567457518255
7386,7386,462,Gyroscope,0.08167784947333888,0.03855802892298471,-0.06458467158144746,1567457518258
7388,7388,462,Gyroscope,0.0791619636808187,0.052424263413653596,-0.06653922741664665,1567457518260
7390,7390,462,Gyroscope,0.07464097865900401,0.07364518180586767,-0.06988864655980265,1567457518262
7392,7392,462,Gyroscope,0.06758250035191446,0.10015171281459026,-0.0741751056141842,1567457518264
7393,7393,462,Gyroscope,0.05928589231625707,0.12863480710140615,-0.07770377195470399,1567457518266
7395,7395,462,Gyroscope,0.051688786319194206,0.15936251018317843,-0.07940708600784624,1567457518268
7398,7398,462,Gyroscope,0.04517763922722141,0.1947317413932433,-0.07891777379194703,1567457518270
7400,7400,462,Gyroscope,0.038929745888502884,0.23374806103737078,-0.07659166863792685,1567457518272
7401,7401,462,Gyroscope,0.03320164819164155,0.27178457032032943,-0.07398512550703615,1567457518274
7403,7403,462,Gyroscope,0.0291347157075924,0.30621200004342397,-0.07223568856273309,1567457518276
7405,7405,462,Gyroscope,0.026091844931791335,0.33770745965829985,-0.07050473194247989,1567457518278
7407,7407,462,Gyroscope,0.02164945027289445,0.3656861166735084,-0.0683119619260627,1567457518280
7409,7409,462,Gyroscope,0.014879707234108659,0.3875135191194413,-0.06727673026447625,1567457518281
7412,7412,462,Gyroscope,0.007830671216741435,0.4020967567079252,-0.06773280545720078,1567457518284
7414,7414,462,Gyroscope,0.0030437612156649215,0.4108345931600163,-0.06698226262286984,1567457518286
7416,7416,462,Gyroscope,0.00045407554160502463,0.4156974319754255,-0.06408487632186496,1567457518288
7418,7418,462,Gyroscope,-0.0023021353586372764,0.4171603530237482,-0.06236172938871842,1567457518290
7420,7420,462,Gyroscope,-0.006432835839042004,0.41369690085430616,-0.0642238789244739,1567457518291
7422,7422,462,Gyroscope,-0.010282963620379316,0.40472788258441833,-0.0675476708385475,1567457518294
7424,7424,462,Gyroscope,-0.011766681162723452,0.39342729329659243,-0.06907015988144359,1567457518296
7426,7426,462,Gyroscope,-0.010854147399239067,0.3836265652863116,-0.06801510188420498,1567457518298
7428,7428,462,Gyroscope,-0.00910082971980114,0.3746370770300478,-0.0657682840079482,1567457518300
7430,7430,462,Gyroscope,-0.008230189884318681,0.36258194499275964,-0.06420176892366986,1567457518302
7432,7432,462,Gyroscope,-0.008993685264037626,0.3465830713975367,-0.06414171246931469,1567457518304
7433,7433,462,Gyroscope,-0.010107483691674989,0.32962852423583083,-0.06466454444043841,1567457518305
7435,7435,462,Gyroscope,-0.009083016246484719,0.31302429324816416,-0.06448072795418458,1567457518308
7437,7437,462,Gyroscope,-0.0052563846118510605,0.29499178729250947,-0.06347318315997576,1567457518310
7439,7439,462,Gyroscope,-0.0011064354361703256,0.2752836927845115,-0.06176374075807042,1567457518312
7441,7441,462,Gyroscope,-0.008993685264037626,0.2557423283429803,-0.05880350074401908,1567457518314
7443,7443,462,Gyroscope,-0.0017862443989708206,0.23638281007358075,-0.05489088306488488,1567457518316
7445,7445,462,Gyroscope,-0.004978608599881947,0.21581054062056995,-0.05142117254414155,1567457518317
7447,7447,462,Gyroscope,-0.00634042294713885,0.19444677739791202,-0.048122742228552146,1567457518320
7450,7450,462,Gyroscope,-0.005527815384889014,0.17345802004772323,-0.042406352586718606,1567457518322
7452,7452,462,Gyroscope,-0.005556964048832189,0.15230921540069262,-0.03318405290126529,1567457518324
7454,7454,462,Gyroscope,-0.00856477737392542,0.130556755335742,-0.023561154357981055,1567457518326
7456,7456,462,Gyroscope,-0.012347831583784927,0.10968601323163032,-0.0172358488570802,1567457518327
7458,7458,462,Gyroscope,-0.013575612702638167,0.0906363117429014,-0.013138607460223023,1567457518330
7460,7460,462,Gyroscope,-0.012342977478035744,0.07240740731009258,-0.007333416149561895,1567457518332
7462,7462,462,Gyroscope,-0.010944658876689264,0.054426192596741,0.0004753235076689413,1567457518334
7464,7464,462,Gyroscope,-0.010144038169322616,0.03726744976498711,0.0073056378176302944,1567457518336
7466,7466,462,Gyroscope,-0.0087599557092315,0.021251173739427476,0.012579266241309985,1567457518338
7468,7468,462,Gyroscope,-0.005684207867922271,0.006703772543749489,0.01778958378670742,1567457518340
7470,7470,462,Gyroscope,-0.0011192565981256184,-0.0056744068827248514,0.022176614750300257,1567457518342
7471,7471,462,Gyroscope,0.003978691608852459,-0.01615244677280622,0.0238845272112453,1567457518344
7473,7473,462,Gyroscope,0.009409771557779917,-0.02599367254322149,0.023440094143398253,1567457518346
7475,7475,462,Gyroscope,0.015783153222486204,-0.03538543785108474,0.02251777458177779,1567457518348
7477,7477,462,Gyroscope,0.022787305956613553,-0.04347509504635039,0.021744896924639094,1567457518350
7479,7479,462,Gyroscope,0.029271480824706944,-0.05087828704620445,0.021980122620979772,1567457518352
7481,7481,462,Gyroscope,0.03556594605147423,-0.05940865698646034,0.025194966340139097,1567457518353
7483,7483,462,Gyroscope,0.04317787752418554,-0.06909014282409114,0.03227384338408516,1567457518356
7485,7485,462,Gyroscope,0.051535569654400856,-0.07829814123529115,0.04163393639727237,1567457518358
7487,7487,462,Gyroscope,0.05815651596154238,-0.08694203037490249,0.051391926264648474,1567457518360
7489,7489,462,Gyroscope,0.06272080453894242,-0.09696223616503258,0.061290984560885844,1567457518362
7491,7491,462,Gyroscope,0.06726842329797253,-0.10952478325413087,0.07099123294504392,1567457518364
7493,7493,462,Gyroscope,0.07214010007295873,-0.12402554356800947,0.07885530920878074,1567457518365
7495,7495,462,Gyroscope,0.07597824142428655,-0.13976508150831518,0.08427947755691827,1567457518368
7497,7497,462,Gyroscope,0.079219612760843,-0.15634828277202098,0.08840580074799542,1567457518370
7499,7499,462,Gyroscope,0.08326520280873996,-0.17382280235231698,0.09157744560045672,1567457518372
7502,7502,462,Gyroscope,0.08722543629297311,-0.19406714593427776,0.0930046165048809,1567457518374
7504,7504,462,Gyroscope,0.08921766937170106,-0.21841637960834326,0.09249182484266393,1567457518375
7505,7505,462,Gyroscope,0.0896323601518851,-0.24363589332824742,0.0902633012582591,1567457518377
7507,7507,462,Gyroscope,0.09008711999769364,-0.265456960366378,0.08658179958027354,1567457518380
7509,7509,462,Gyroscope,0.09056369313778062,-0.2848681132229128,0.08243786276523332,1567457518382
7512,7512,462,Gyroscope,0.090208009633635,-0.3056275140659859,0.07855231783239042,1567457518384
7514,7514,462,Gyroscope,0.08942327563980607,-0.3273712086319681,0.07388544646917025,1567457518386
7516,7516,462,Gyroscope,0.08899728227902351,-0.34590764682734293,0.0674068518069831,1567457518388
7518,7518,462,Gyroscope,0.08873150307146793,-0.3594684634330408,0.06078298501462023,1567457518390
7520,7520,462,Gyroscope,0.08813783656144912,-0.3704739732534216,0.056743554764054266,1567457518392
7521,7521,462,Gyroscope,0.08697089718666257,-0.3806076107630516,0.05501414546248343,1567457518394
7524,7524,462,Gyroscope,0.08529351831481066,-0.3881054138672947,0.05287422082693341,1567457518396
7526,7526,462,Gyroscope,0.0843577033663401,-0.3914698562737454,0.049844752067288695,1567457518397
7528,7528,462,Gyroscope,0.08559562349442987,-0.39252561744996084,0.04807084874431753,1567457518400
7530,7530,462,Gyroscope,0.08758681120499226,-0.3939548283921118,0.04772525648881819,1567457518402
7532,7532,462,Gyroscope,0.08711829415516437,-0.39601660346230155,0.0463975043425104,1567457518404
7534,7534,462,Gyroscope,0.08432183639566204,-0.3971218168377211,0.04340740722418469,1567457518406
7535,7535,462,Gyroscope,0.08321585086209521,-0.3966131289951699,0.04026351437332806,1567457518408
7538,7538,462,Gyroscope,0.08578558312022888,-0.3959425948409385,0.03717951430630756,1567457518410
7540,7540,462,Gyroscope,0.08851359851127334,-0.39675218016744374,0.03370515473976272,1567457518412
7542,7542,462,Gyroscope,0.08710254434412118,-0.3987687535592831,0.03141386477601632,1567457518414
7544,7544,462,Gyroscope,0.08288360803724337,-0.40119572083996924,0.03141008660127419,1567457518416
7545,7545,462,Gyroscope,0.08060305743273956,-0.40468717250080277,0.03146253970201464,1567457518418
7547,7547,462,Gyroscope,0.08033441949761747,-0.4095838907507402,0.029634931629795774,1567457518420
7549,7549,462,Gyroscope,0.07729734399121185,-0.41426982162421544,0.02797416254089708,1567457518422
7551,7551,462,Gyroscope,0.07010839648910747,-0.417504027374772,0.02918089302795482,1567457518424
7553,7553,462,Gyroscope,0.06271249085831627,-0.42005271497871,0.03200370023606283,1567457518426
7555,7555,462,Gyroscope,0.05738555877365418,-0.4223093794171314,0.032939539690481946,1567457518428
7557,7557,462,Gyroscope,0.051345902219024464,-0.42245331859216634,0.031414448251343,1567457518430
7559,7559,462,Gyroscope,0.04132981635190007,-0.41885651323680284,0.030542481436701546,1567457518432
7562,7562,462,Gyroscope,0.028432329889602086,-0.41282819948832983,0.03221614616471687,1567457518434
7564,7564,462,Gyroscope,0.016369496430480898,-0.406102495257508,0.03406473024578331,1567457518436
7566,7566,462,Gyroscope,0.005487871424474935,-0.3969292172146587,0.03339559060991514,1567457518438
7568,7568,462,Gyroscope,-0.007510249016791951,-0.3831998685911622,0.031750641133413665,1567457518440
7570,7570,462,Gyroscope,-0.0228230289496731,-0.36758758211554576,0.032165641798428395,1567457518442
7572,7572,462,Gyroscope,-0.03636121274582088,-0.3536895155442445,0.033748636148793226,1567457518443
7574,7574,462,Gyroscope,-0.04706964778834001,-0.3396586497482899,0.03323378719215996,1567457518446
7576,7576,462,Gyroscope,-0.05925027674611967,-0.3217631315169419,0.030814318286404623,1567457518448
7578,7578,462,Gyroscope,-0.07555411282051078,-0.3011627511530873,0.029666879316755865,1567457518450
7580,7580,462,Gyroscope,-0.09282987058134343,-0.2812993154511261,0.03047097213910733,1567457518452
7582,7582,462,Gyroscope,-0.10703879012173151,-0.26174706891038135,0.03135893067991444,1567457518454
7583,7583,462,Gyroscope,-0.11850072836450999,-0.24031938628530253,0.03210187088169675,1567457518456
7585,7585,462,Gyroscope,-0.13020063800601667,-0.21785286810808424,0.03353556217609851,1567457518457
7587,7587,462,Gyroscope,-0.14303318274217877,-0.19585185302112168,0.03461011688168381,1567457518460
7589,7589,462,Gyroscope,-0.15437716700168452,-0.17356674184415793,0.034104034371875785,1567457518462
7591,7591,462,Gyroscope,-0.16132994652663304,-0.1509557453789646,0.03320248480838407,1567457518464
7593,7593,462,Gyroscope,-0.1644338531918626,-0.12989771384201382,0.033234446792897054,1567457518466
7596,7596,462,Gyroscope,-0.1664578529513885,-0.11075337103935229,0.032925197595534396,1567457518468
7598,7598,462,Gyroscope,-0.16820143039750018,-0.09174684719925508,0.030354047417053713,1567457518469
7599,7599,462,Gyroscope,-0.16824465434009944,-0.07217214925526,0.02562214526127376,1567457518472
7601,7601,462,Gyroscope,-0.16565719764991296,-0.05328297481762474,0.01990125757246217,1567457518474
7603,7603,462,Gyroscope,-0.16005855858954698,-0.03626423296619553,0.0143388657334951,1567457518476
7605,7605,462,Gyroscope,-0.15082036864576934,-0.02178968848856404,0.010471784377324003,1567457518478
7607,7607,462,Gyroscope,-0.13855061384652406,-0.010826543893835878,0.008512737241693782,1567457518480
7609,7609,462,Gyroscope,-0.12531842614831895,-0.0035200382805137247,0.006135699913224598,1567457518482
7612,7612,462,Gyroscope,-0.11222148137847485,0.0012812020705046511,0.0022744035144691907,1567457518484
7614,7614,462,Gyroscope,-0.0986542140907884,0.003861033091832857,-0.0006331928266595937,1567457518486
7616,7616,462,Gyroscope,-0.08387927224524247,0.003460248605327894,-0.00119422858348561,1567457518488
7618,7618,462,Gyroscope,-0.06758482205918796,0.0007575447510182841,-0.0015600570719769503,1567457518490
7620,7620,462,Gyroscope,-0.04994221685562044,-0.002305313360330451,-0.0027960275811695903,1567457518492
7622,7622,462,Gyroscope,-0.032408102670251925,-0.0050150334205226145,-0.002833659150091363,1567457518494
7624,7624,462,Gyroscope,-0.016413715705486824,-0.0080758069273445,-0.0008842700191152913,1567457518496
7626,7626,462,Gyroscope,-0.0006446758578839283,-0.011607273267487622,0.0014131557174746866,1567457518498
7628,7628,462,Gyroscope,0.01717428992512546,-0.0139425230518322,0.0036751808132916603,1567457518500
7630,7630,462,Gyroscope,0.0357448497105095,-0.012809275908142273,0.0063633675042345985,1567457518502
7632,7632,462,Gyroscope,0.05131056092581664,-0.008161770044056193,0.008128692447985537,1567457518504
7634,7634,462,Gyroscope,0.06334483798895568,-0.002872805653324805,0.008303492419733315,1567457518506
7636,7636,462,Gyroscope,0.07540611687030954,0.0006356372572869795,0.008968411476315023,1567457518508
7638,7638,462,Gyroscope,0.08965594353259294,0.0030718509638939457,0.011033609988135051,1567457518510
7640,7640,462,Gyroscope,0.1038877357112296,0.006004008272029291,0.012384969989873734,1567457518512
7642,7642,462,Gyroscope,0.11541939306913129,0.008408079508849007,0.012017024424378768,1567457518514
7644,7644,462,Gyroscope,0.12475113456474574,0.00776791274827991,0.012055222809422755,1567457518516
7646,7646,462,Gyroscope,0.13370998508129275,0.003950504328534292,0.01443903607735647,1567457518518
7648,7648,462,Gyroscope,0.14257383791292044,-0.0008315479363357481,0.018075595869529826,1567457518520
7650,7650,462,Gyroscope,0.15004170942177103,-0.006439136195613551,0.02066092644165044,1567457518522
7652,7652,462,Gyroscope,0.1547349943598546,-0.016204086796085128,0.022541513866996828,1567457518524
7654,7654,462,Gyroscope,0.15674869931686292,-0.03214684480689205,0.02615526417795997,1567457518526
7656,7656,462,Gyroscope,0.15731346881365937,-0.05122000977006626,0.03145498419670015,1567457518529
7658,7658,462,Gyroscope,0.15634202077571033,-0.06854180440794204,0.03572267861216373,1567457518530
7660,7660,462,Gyroscope,0.15260974624227328,-0.08236138872891399,0.037800479772737115,1567457518532
7661,7661,462,Gyroscope,0.14687364863343075,-0.09380786725101423,0.03841104463328823,1567457518534
7664,7664,462,Gyroscope,0.14116770580579363,-0.10398879138036868,0.03750476864373876,1567457518536
7666,7666,462,Gyroscope,0.13522421425397052,-0.11334727767699479,0.034710144195061875,1567457518538
7668,7668,462,Gyroscope,0.12747378904059126,-0.12191114252881763,0.030687727021792326,1567457518541
7670,7670,462,Gyroscope,0.11813206888862476,-0.12889387377811734,0.026256180357504228,1567457518542
7672,7672,462,Gyroscope,0.10809041197651727,-0.13368665221089554,0.02177286667558843,1567457518544
7674,7674,462,Gyroscope,0.09748312804049747,-0.13718413030759186,0.01748201675691847,1567457518546
7676,7676,462,Gyroscope,0.08706677253350462,-0.14016370060603467,0.013457872330944797,1567457518548
7678,7678,462,Gyroscope,0.0769316362343832,-0.14135179918208896,0.009923441087133935,1567457518550
7680,7680,462,Gyroscope,0.06418742393454255,-0.1395264855521673,0.007474660925883747,1567457518553
7682,7682,462,Gyroscope,0.04731145337136093,-0.13599368796847774,0.006050548304334864,1567457518554
7683,7683,462,Gyroscope,0.030568326664503313,-0.13242982999811737,0.004881307376162511,1567457518556
7685,7685,462,Gyroscope,0.01818602810170662,-0.12841797530283022,0.004106930625322927,1567457518558
7687,7687,462,Gyroscope,0.007460865668836843,-0.12365530832514451,0.00466211784158758,1567457518560
7689,7689,462,Gyroscope,-0.006302209358781838,-0.1201777892808549,0.006224377900695257,1567457518562
7691,7691,462,Gyroscope,-0.02129133906477367,-0.11980150703577067,0.00723798908843435,1567457518565
7693,7693,462,Gyroscope,-0.032410017051974944,-0.12108618998328169,0.00751444925925592,1567457518566
7695,7695,462,Gyroscope,-0.04056854612651543,-0.1213301962683004,0.008904886333565502,1567457518568
7697,7697,462,Gyroscope,-0.050907389953184765,-0.12093018793694754,0.01220233614076097,1567457518570
7699,7699,462,Gyroscope,-0.06340770659145682,-0.12313923571285018,0.01518252829827006,1567457518572
7701,7701,462,Gyroscope,-0.07326133506131563,-0.1286826763849532,0.015292887924112675,1567457518574
7703,7703,462,Gyroscope,-0.07905817510995698,-0.13309763458749205,0.012304851013597337,1567457518577
7705,7705,462,Gyroscope,-0.08371465388240479,-0.13177249815693956,0.0070196690517352976,1567457518578
7707,7707,462,Gyroscope,-0.08848409341808831,-0.12539059837446914,-0.00021256457228065878,1567457518580
7709,7709,462,Gyroscope,-0.09124972205108367,-0.11664546111795965,-0.009238455671503677,1567457518582
7711,7711,462,Gyroscope,-0.09050188245113559,-0.10423620914966159,-0.020618702723604696,1567457518584
7713,7713,462,Gyroscope,-0.08704687829741165,-0.08514892584353807,-0.035043716998054183,1567457518586
7715,7715,462,Gyroscope,-0.08104333870681973,-0.060016413433976346,-0.05085559856211683,1567457518588
7717,7717,462,Gyroscope,-0.07115645287236629,-0.0319916637817486,-0.06528524871479971,1567457518590
7719,7719,462,Gyroscope,-0.05805849891727922,-0.0038391179710816114,-0.07796741209582711,1567457518592
7721,7721,462,Gyroscope,-0.04514371639941692,0.02174557991609547,-0.08959974600501967,1567457518594
7723,7723,462,Gyroscope,-0.03465434121938434,0.043074512626320866,-0.09931799322259122,1567457518596
7725,7725,462,Gyroscope,-0.0259192730328949,0.06145799327036044,-0.10646975593220245,1567457518598
7727,7727,462,Gyroscope,-0.017657566525330206,0.07905989745102229,-0.11199286649358858,1567457518600
7729,7729,462,Gyroscope,-0.009985167574182096,0.09553875271127193,-0.11664818805534415,1567457518602
7731,7731,462,Gyroscope,-0.003644339757622392,0.10997680190340661,-0.12043435663225788,1567457518604
7733,7733,462,Gyroscope,0.001848021167450459,0.12465421904387441,-0.12330957174550748,1567457518606
7735,7735,462,Gyroscope,0.007773551804705056,0.14232478551298225,-0.12515240798703725,1567457518608
7737,7737,462,Gyroscope,0.013779060674203467,0.16083474799484046,-0.12656384053051306,1567457518610
7739,7739,462,Gyroscope,0.018185526005110586,0.17592452295066713,-0.12915966406551263,1567457518612
7741,7741,462,Gyroscope,0.021316284240068456,0.18816973564623435,-0.13289827181042682,1567457518614
7743,7743,462,Gyroscope,0.02561851169112084,0.20136428928656924,-0.13556576223737088,1567457518616
7746,7746,462,Gyroscope,0.031814557087373484,0.21578925198625198,-0.13698403634683237,1567457518619
7748,7748,462,Gyroscope,0.037879514098552176,0.22899402543090025,-0.1398333951538666,1567457518620
7750,7750,462,Gyroscope,0.04181050551859006,0.2410630787679,-0.14500097882226698,1567457518622
7752,7752,462,Gyroscope,0.042835754802188444,0.2534062420057116,-0.15063875587850792,1567457518624
7754,7754,462,Gyroscope,0.041121823190672965,0.26483384591498393,-0.15623924626982402,1567457518626
7756,7756,462,Gyroscope,0.03787598309422789,0.2736711934584478,-0.16357515264093447,1567457518628
7758,7758,462,Gyroscope,0.03354065802231947,0.28114740487990436,-0.17376827391590854,1567457518631
7760,7760,462,Gyroscope,0.026219831079374947,0.28928366765340785,-0.186076799459102,1567457518632
7762,7762,462,Gyroscope,0.014534650414490334,0.2975531953420469,-0.19919694378006497,1567457518634
7764,7764,462,Gyroscope,-0.00014635653731162037,0.3035926561887375,-0.2126340370940185,1567457518636
7766,7766,462,Gyroscope,-0.015908567638105674,0.3059780296026792,-0.22640471497668058,1567457518638
7768,7768,462,Gyroscope,-0.03125450947327041,0.30540952341940353,-0.23956610444445786,1567457518640
7770,7770,462,Gyroscope,-0.044852553501140736,0.3041592932683966,-0.25154348079345906,1567457518643
7772,7772,462,Gyroscope,-0.058256066670884704,0.3048481522555009,-0.2647875098207814,1567457518644
7774,7774,462,Gyroscope,-0.07511301943294552,0.3084750466548164,-0.28105219752081945,1567457518646
7776,7776,462,Gyroscope,-0.09452800643556084,0.31358477213940406,-0.2961309438776708,1567457518648
7778,7778,462,Gyroscope,-0.1112462905554078,0.3189190101024902,-0.30534685901108694,1567457518650
7779,7779,462,Gyroscope,-0.12430953472052533,0.32576841135351764,-0.312078432910881,1567457518652
7781,7781,462,Gyroscope,-0.13800362591564672,0.33556729060882556,-0.3228666445294784,1567457518654
7783,7783,462,Gyroscope,-0.15311933062569746,0.3472628330968682,-0.33673992793784224,1567457518656
7785,7785,462,Gyroscope,-0.16548955267096038,0.3598745781306625,-0.3473905283870697,1567457518658
7788,7788,462,Gyroscope,-0.1739424872413725,0.37506533276922693,-0.35311279341633295,1567457518660
7790,7790,462,Gyroscope,-0.18170200455500396,0.3937947571761594,-0.3570244397377182,1567457518662
7791,7791,462,Gyroscope,-0.18968422500911586,0.4130674833910968,-0.36038372688774445,1567457518664
7793,7793,462,Gyroscope,-0.19508183510718768,0.42929516750119406,-0.3621326039135056,1567457518666
7796,7796,462,Gyroscope,-0.19613518720649492,0.4423804144151797,-0.36214982404330576,1567457518668
7797,7797,462,Gyroscope,-0.19391231481081517,0.4538750787423581,-0.36054126633811756,1567457518670
7800,7800,462,Gyroscope,-0.19000337400834122,0.46295462028099266,-0.35618642278964596,1567457518672
7802,7802,462,Gyroscope,-0.18428544357496152,0.4660232570753287,-0.34806741090411586,1567457518674
7804,7804,462,Gyroscope,-0.17504095269769215,0.46030942258138197,-0.3367314143738667,1567457518676
7805,7805,462,Gyroscope,-0.1617536466731871,0.4475394976728627,-0.3242811827541483,1567457518678
7807,7807,462,Gyroscope,-0.14666754572467985,0.432490229670054,-0.31245389808394597,1567457518680
7809,7809,462,Gyroscope,-0.13185808801573995,0.4170441977146565,-0.30012813184760645,1567457518682
7811,7811,462,Gyroscope,-0.11699659116393371,0.398162088238337,-0.28532352083897383,1567457518684
7813,7813,462,Gyroscope,-0.10172920492412481,0.3728376769243664,-0.2695413174951978,1567457518686
7815,7815,462,Gyroscope,-0.0863926131840058,0.3409140628008384,-0.2552191249152368,1567457518688
7817,7817,462,Gyroscope,-0.06839828757199168,0.30100884423350815,-0.23991879416688872,1567457518690
7819,7819,462,Gyroscope,-0.04328174849716955,0.2503558039383802,-0.21918826313651726,1567457518692
7821,7821,462,Gyroscope,-0.012214579783413282,0.19301531477386652,-0.1934674362688359,1567457518694
7823,7823,462,Gyroscope,0.0178068676683673,0.140090112631697,-0.16593495084432763,1567457518696
7825,7825,462,Gyroscope,0.04388183057272303,0.09763879737898487,-0.1361554760043307,1567457518698
7827,7827,462,Gyroscope,0.06936216063614824,0.06391704087489461,-0.10261318999877159,1567457518700
7829,7829,462,Gyroscope,0.09454183532201525,0.03935080329697846,-0.06890140296664518,1567457518702
7831,7831,462,Gyroscope,0.11483633626138182,0.028292422769656097,-0.04042754726770138,1567457518704
7833,7833,462,Gyroscope,0.12956633862655498,0.032121171494693464,-0.01630507063026678,1567457518706
7835,7835,462,Gyroscope,0.14357107018808857,0.04802759738862538,0.009590287057475177,1567457518708
7838,7838,462,Gyroscope,0.15857702831581072,0.07204624174152285,0.03930418268698899,1567457518710
7840,7840,462,Gyroscope,0.1699084849451286,0.10155349530171089,0.06832186502537879,1567457518712
7841,7841,462,Gyroscope,0.17358197992647606,0.13695094685066245,0.09455991594856043,1567457518715
7843,7843,462,Gyroscope,0.17138991518281416,0.17820417077175774,0.12228364581832785,1567457518716
7845,7845,462,Gyroscope,0.16724226715997775,0.2201012429668427,0.15288515409701223,1567457518718
7847,7847,462,Gyroscope,0.16286808125257576,0.2563846975552282,0.1811302224182534,1567457518720
7849,7849,462,Gyroscope,0.15779373127059573,0.28691158433723035,0.2052867726500729,1567457518722
7851,7851,462,Gyroscope,0.15003321827488225,0.31595980225118325,0.23086106379152693,1567457518725
7853,7853,462,Gyroscope,0.13801064656390105,0.3455192192278286,0.2605805353191766,1567457518726
7855,7855,462,Gyroscope,0.1234933914174007,0.37358503258980713,0.2909250520394228,1567457518728
7857,7857,462,Gyroscope,0.10941821113916372,0.39788932645586444,0.32006794657631527,1567457518730
7859,7859,462,Gyroscope,0.09571190043105927,0.4186972063045372,0.3487784339322193,1567457518732
7861,7861,462,Gyroscope,0.08132519734083953,0.43716214969167067,0.37506654126987354,1567457518734
7863,7863,462,Gyroscope,0.06749876961877598,0.45213075659175483,0.3975518299922346,1567457518736
7865,7865,462,Gyroscope,0.05580675176960696,0.46049209154555365,0.41916119211810293,1567457518738
7867,7867,462,Gyroscope,0.04610392637768038,0.4617866497430706,0.441057351806871,1567457518740
7869,7869,462,Gyroscope,0.03781212924978822,0.4602775300422851,0.46053750146533934,1567457518742
7871,7871,462,Gyroscope,0.031206354230813187,0.45915819891627324,0.47749870891125423,1567457518744
7873,7873,462,Gyroscope,0.02714649256270748,0.4555493802276407,0.494768312341186,1567457518746
7875,7875,462,Gyroscope,0.02611510897638082,0.44613740267414104,0.5119965945194226,1567457518749
7877,7877,462,Gyroscope,0.027748994763150923,0.43368975758546535,0.5262229428727548,1567457518750
7879,7879,462,Gyroscope,0.031740920642760316,0.4223328028593717,0.5375813366443545,1567457518752
7881,7881,462,Gyroscope,0.03842038755223168,0.4118436338600646,0.5486616504914726,1567457518754
7883,7883,462,Gyroscope,0.04743363218701835,0.40180356119775745,0.5589602659405263,1567457518756
7885,7885,462,Gyroscope,0.057285886129197605,0.39370491455869705,0.5653045066328279,1567457518758
7887,7887,462,Gyroscope,0.06758361367742767,0.38379926904187484,0.567911505927639,1567457518761
7889,7889,462,Gyroscope,0.07954971027888247,0.36314214969860525,0.5708416498874933,1567457518762
7891,7891,462,Gyroscope,0.09249606233226024,0.328945605240289,0.5753851631329248,1567457518764
7893,7893,462,Gyroscope,0.10259293474613837,0.2854976588267019,0.5778801130920863,1567457518766
7895,7895,462,Gyroscope,0.1073113558385233,0.23378862842763376,0.5754336576128077,1567457518768
7897,7897,462,Gyroscope,0.10811111405448746,0.17334818889174258,0.5693708689681517,1567457518770
7899,7899,462,Gyroscope,0.10676041646637982,0.10994187363210095,0.5618543097901438,1567457518773
7901,7901,462,Gyroscope,0.10224703601229124,0.04881314862716969,0.5528151586504403,1567457518774
7903,7903,462,Gyroscope,0.09361882155669697,-0.010631976238405318,0.5415154943861114,1567457518776
7905,7905,462,Gyroscope,0.0831141217200677,-0.06594897319847039,0.5291349831344423,1567457518778
7907,7907,462,Gyroscope,0.07352726868876515,-0.1103749546350499,0.5189806293232714,1567457518780
7909,7909,462,Gyroscope,0.06379462260787805,-0.14269578046635698,0.5144042339190116,1567457518783
7912,7912,462,Gyroscope,0.050326882421776825,-0.16655215918182104,0.5160172582175964,1567457518784
7914,7914,462,Gyroscope,0.032374266024028875,-0.18102228248915964,0.5214256840865064,1567457518786
7916,7916,462,Gyroscope,0.012423608143632057,-0.1805762498457348,0.5289266461274512,1567457518788
7917,7917,462,Gyroscope,-0.008414422063119282,-0.16408944760221492,0.5394957654686318,1567457518790
7919,7919,462,Gyroscope,-0.030873153208430072,-0.13793704057539274,0.5531458630651246,1567457518792
7921,7921,462,Gyroscope,-0.054581713436676255,-0.10638045304591776,0.5674076606557588,1567457518795
7923,7923,462,Gyroscope,-0.07886895825936928,-0.06379894605970665,0.5819843326660101,1567457518796
7925,7925,462,Gyroscope,-0.103524296199657,-0.004953315346227619,0.5993435225383017,1567457518798
7927,7927,462,Gyroscope,-0.12661306744338524,0.062063755312912694,0.6189325484417606,1567457518800
7929,7929,462,Gyroscope,-0.1461952927171188,0.124716943357885,0.63736501772751,1567457518802
7931,7931,462,Gyroscope,-0.16381897575576493,0.18323683663147067,0.6546122251244076,1567457518804
7934,7934,462,Gyroscope,-0.18153800213866672,0.24651720077241962,0.6727759108512799,1567457518807
7936,7936,462,Gyroscope,-0.19769873396317622,0.3136102820514114,0.6891904721449141,1567457518808
7938,7938,462,Gyroscope,-0.20949829217206184,0.37167329163310536,0.6977796040061862,1567457518810
7940,7940,462,Gyroscope,-0.21704386950078042,0.41161971479950415,0.6962191195773262,1567457518812
7942,7942,462,Gyroscope,-0.22239586975977016,0.4336864303908831,0.6855852046109072,1567457518814
7944,7944,462,Gyroscope,-0.2269475852241834,0.4385745162738851,0.6659471946890811,1567457518816
7946,7946,462,Gyroscope,-0.23055621043580352,0.4244812146391391,0.6382673468145609,1567457518819
7948,7948,462,Gyroscope,-0.2311478186747797,0.39051463675835985,0.6054690860279729,1567457518820
7950,7950,462,Gyroscope,-0.22630440987254105,0.33757487562426913,0.5675826507430959,1567457518822
7952,7952,462,Gyroscope,-0.21674925816657614,0.2711393336161799,0.5232964872856993,1567457518824
7954,7954,462,Gyroscope,-0.20512847532731113,0.19998487508310359,0.475584871043895,1567457518826
7956,7956,462,Gyroscope,-0.1914122598104639,0.12579571311220972,0.42698157692722094,1567457518828
7957,7957,462,Gyroscope,-0.17435131474539078,0.044101400321917415,0.37641100841546254,1567457518831
7959,7959,462,Gyroscope,-0.15562790573046748,-0.04219337510011831,0.328419843657045,1567457518832
7961,7961,462,Gyroscope,-0.137438625721286,-0.12469770673419148,0.2921204701796001,1567457518834
7963,7963,462,Gyroscope,-0.11919451400812109,-0.20301723522058834,0.2644475032447903,1567457518836
7966,7966,462,Gyroscope,-0.10067043532523295,-0.2818674398250707,0.2301885982774303,1567457518838
7968,7968,462,Gyroscope,-0.08454909092120885,-0.35770565464301823,0.1834840682394422,1567457518841
7970,7970,462,Gyroscope,-0.0726797534666418,-0.4207258510453306,0.13314101721365537,1567457518843
7972,7972,462,Gyroscope,-0.06319965568455381,-0.4685296975336286,0.08386841896731409,1567457518844
7973,7973,462,Gyroscope,-0.054204087871896414,-0.5063170208313372,0.03017076690103236,1567457518846
7976,7976,462,Gyroscope,-0.04764590570154979,-0.5345875244797877,-0.028808872006911762,1567457518848
7978,7978,462,Gyroscope,-0.04633806176918001,-0.5481695485739787,-0.08577179631470017,1567457518850
7980,7980,462,Gyroscope,-0.04871078278464894,-0.5455629371045222,-0.13816156520331946,1567457518853
7982,7982,462,Gyroscope,-0.050132644039526934,-0.5304560436049921,-0.19036723782167236,1567457518854
7984,7984,462,Gyroscope,-0.048862718074846254,-0.5079277346807867,-0.24228041396315086,1567457518856
7985,7985,462,Gyroscope,-0.047169051766413506,-0.4827781232030063,-0.287060171453394,1567457518858
7988,7988,462,Gyroscope,-0.04639845917939131,-0.456661076709046,-0.32161145563485005,1567457518860
7990,7990,462,Gyroscope,-0.044676231723575974,-0.4283183115621344,-0.34975485669873446,1567457518862
7992,7992,462,Gyroscope,-0.04047812248611937,-0.39971297507341375,-0.37372042454224014,1567457518865
7994,7994,462,Gyroscope,-0.03453804649672458,-0.37640191709634735,-0.391457387017046,1567457518866
7996,7996,462,Gyroscope,-0.02678706297606616,-0.3609630119046856,-0.40369082618654223,1567457518868
7998,7998,462,Gyroscope,-0.015877784505087218,-0.35216461381463166,-0.4160134764218971,1567457518870
7999,7999,462,Gyroscope,-0.0032939330445178544,-0.3498930098678291,-0.43199590826839207,1567457518872
8002,8002,462,Gyroscope,0.007077529904336898,-0.35632199477223114,-0.4490751773576649,1567457518874
8004,8004,462,Gyroscope,0.014601860477849303,-0.37216674623151424,-0.4630824292389506,1567457518877
8006,8006,462,Gyroscope,0.021936837430132205,-0.3940053000983956,-0.4736629068400484,1567457518878
8007,8007,462,Gyroscope,0.029372501323738393,-0.41781725063461994,-0.4839433389827129,1567457518880
8009,8009,462,Gyroscope,0.034187182361726576,-0.4443055445081608,-0.496997584683286,1567457518882
8012,8012,462,Gyroscope,0.034762796870428256,-0.4758264628085426,-0.5128984745685564,1567457518884
8014,8014,462,Gyroscope,0.03150615357122791,-0.5095193849925177,-0.5283767336788489,1567457518887
8016,8016,462,Gyroscope,0.025619401748671715,-0.5402740641459891,-0.5401791003451997,1567457518888
8018,8018,462,Gyroscope,0.019110023630211637,-0.5689378905136095,-0.5483896982236569,1567457518890
8020,8020,462,Gyroscope,0.013550380897673332,-0.6006166847981818,-0.5553565554222429,1567457518892
8022,8022,462,Gyroscope,0.008501409802425086,-0.6355303216605284,-0.5623156292123663,1567457518894
8024,8024,462,Gyroscope,0.003277518445148097,-0.6679674092165467,-0.5679070474144454,1567457518897
8026,8026,462,Gyroscope,-0.0012623038645479282,-0.6944460877157053,-0.5697407235567833,1567457518898
8028,8028,462,Gyroscope,-0.0043209462887180035,-0.7162440378729407,-0.5677094522718793,1567457518900
8030,8030,462,Gyroscope,-0.006344231308572265,-0.7332033860100127,-0.5651568891612511,1567457518903
8032,8032,462,Gyroscope,-0.0076383010047559536,-0.7415004855884698,-0.564828922991462,1567457518904
8034,8034,462,Gyroscope,-0.007681962315530713,-0.7385430778684191,-0.5645153949894343,1567457518906
8036,8036,462,Gyroscope,-0.006442435544040571,-0.7263314865558248,-0.5599157831627494,1567457518908
8038,8038,462,Gyroscope,-0.005107704076843925,-0.7089180643762476,-0.550559099720346,1567457518910
8040,8040,462,Gyroscope,-0.004486619802184573,-0.6864470506642455,-0.5386750222190024,1567457518913
8042,8042,462,Gyroscope,-0.0038039504917700678,-0.654470687765926,-0.524291658008942,1567457518914
8044,8044,462,Gyroscope,-0.0027190034156223727,-0.6125692975983612,-0.5067702480671834,1567457518916
8046,8046,462,Gyroscope,-0.002483955056663915,-0.5668833256725125,-0.48919629916648344,1567457518918
8048,8048,462,Gyroscope,-0.0030492903197463775,-0.5193946779736552,-0.4761120803548118,1567457518920
8050,8050,462,Gyroscope,-0.002477893513246617,-0.4662407452939711,-0.4681823422074749,1567457518923
8052,8052,462,Gyroscope,-0.0009397872280905948,-0.4100588505636712,-0.46257472492716833,1567457518924
8054,8054,462,Gyroscope,-0.0005003223072524747,-0.35884725279497154,-0.4577417608871196,1567457518926
8056,8056,462,Gyroscope,-3.7213738436898025e-05,-0.3110502530444981,-0.45549908716843607,1567457518928
8058,8058,462,Gyroscope,0.004009576939802427,-0.2576747021776804,-0.45786360397648607,1567457518931
8059,8059,462,Gyroscope,0.011776623601351809,-0.19925605345209724,-0.46312756485795475,1567457518933
8061,8061,462,Gyroscope,0.020673774065162173,-0.14502795701270674,-0.4672438764034098,1567457518934
8063,8063,462,Gyroscope,0.03091893466335259,-0.09622949273309209,-0.468761626976152,1567457518936
8066,8066,462,Gyroscope,0.044515618368384156,-0.046713762146459684,-0.46935410223368745,1567457518938
8068,8068,462,Gyroscope,0.06036834668929851,0.001222053789521266,-0.4697061542845039,1567457518941
8070,8070,462,Gyroscope,0.07584083010204659,0.03768382098875325,-0.4683862537182547,1567457518943
8071,8071,462,Gyroscope,0.09163766931750225,0.060144783709506836,-0.4645874237068213,1567457518944
8073,8073,462,Gyroscope,0.11060337322768703,0.07485800161121772,-0.4589665728080803,1567457518946
8075,8075,462,Gyroscope,0.13245183781544648,0.08537823842179643,-0.452017926894017,1567457518948
8077,8077,462,Gyroscope,0.15359523706084421,0.0887265446130584,-0.44365225770323913,1567457518950
8080,8080,462,Gyroscope,0.17203959124017232,0.08247744001142313,-0.43435598625301086,1567457518953
8082,8082,462,Gyroscope,0.18843389093507587,0.06910594640898236,-0.42546160544717904,1567457518954
8084,8084,462,Gyroscope,0.2022804320191781,0.05075968287132403,-0.4175344424077321,1567457518956
8085,8085,462,Gyroscope,0.21102922769368757,0.02475368030248597,-0.4095763141756591,1567457518958
8087,8087,462,Gyroscope,0.21331940467159832,-0.010859120477400439,-0.40097478953861143,1567457518960
8089,8089,462,Gyroscope,0.2111768303215711,-0.05157041541657297,-0.3923741147223858,1567457518963
8092,8092,462,Gyroscope,0.20813303870408414,-0.09211082905487415,-0.3835675277836226,1567457518964
8094,8094,462,Gyroscope,0.20448041325132937,-0.13426116772546115,-0.37327026094533505,1567457518966
8096,8096,462,Gyroscope,0.19634150551134422,-0.18275799239101437,-0.36173883938359025,1567457518969
8098,8098,462,Gyroscope,0.1820515853230878,-0.23566889941029717,-0.3511759096853776,1567457518971
8100,8100,462,Gyroscope,0.16603380781374505,-0.2861834210394972,-0.3431381683799777,1567457518972
8101,8101,462,Gyroscope,0.15294247606742986,-0.3328479759591952,-0.33691086317739694,1567457518974
8104,8104,462,Gyroscope,0.1424338978649593,-0.37847228257780796,-0.33077831685130715,1567457518976
8106,8106,462,Gyroscope,0.13280446419720288,-0.4201074207592753,-0.3245268481099935,1567457518979
8107,8107,462,Gyroscope,0.1248776052662322,-0.45134103158317807,-0.31986298996237617,1567457518981
8109,8109,462,Gyroscope,0.1196139433434137,-0.4726274581040733,-0.3172725551954767,1567457518982
8111,8111,462,Gyroscope,0.11594270663297866,-0.4895931907281098,-0.31343171435764916,1567457518984
8113,8113,462,Gyroscope,0.11299422998619803,-0.5045160898397923,-0.3042618359694229,1567457518986
8115,8115,462,Gyroscope,0.1115237682288871,-0.5168484954574457,-0.2896641337602708,1567457518988
8117,8117,462,Gyroscope,0.11138008157863274,-0.5280634740787641,-0.2725037213059416,1567457518991
8119,8119,462,Gyroscope,0.11006018349902877,-0.5399992938565665,-0.2548821179589753,1567457518992
8121,8121,462,Gyroscope,0.10624802095315454,-0.5516099255510098,-0.23775900643398304,1567457518994
8123,8123,462,Gyroscope,0.10233504356677275,-0.5619315169046502,-0.22112876560616196,1567457518997
8125,8125,462,Gyroscope,0.09981390087661007,-0.5736021889429976,-0.20302767532723068,1567457518999
8127,8127,462,Gyroscope,0.095226264553501,-0.5895213678560967,-0.1818336063718492,1567457519000
8129,8129,462,Gyroscope,0.08566764814727074,-0.6078651759774948,-0.15987992945474128,1567457519002
8132,8132,462,Gyroscope,0.07447876521697164,-0.6240536475348262,-0.1409915682477947,1567457519005
8134,8134,462,Gyroscope,0.06572554033669804,-0.6369535218498115,-0.1250588822577646,1567457519007
8136,8136,462,Gyroscope,0.05797087386755479,-0.6488041189593061,-0.10982385557914796,1567457519008
8138,8138,462,Gyroscope,0.04950148211255289,-0.6571913309884344,-0.09742676920840627,1567457519010
8140,8140,462,Gyroscope,0.043771689037554476,-0.6521399528471385,-0.09365848621560768,1567457519012
8142,8142,462,Gyroscope,0.043405698981373836,-0.6269955545469108,-0.10043805866343838,1567457519014
8144,8144,462,Gyroscope,0.04466257481256536,-0.5888515845642368,-0.11353096330771578,1567457519017
8146,8146,462,Gyroscope,0.04413746523460931,-0.5507724882441026,-0.12768441606698872,1567457519018
8147,8147,462,Gyroscope,0.04551687430625127,-0.5155633223970593,-0.14025046021936136,1567457519020
8149,8149,462,Gyroscope,0.05290976164746419,-0.4752978075232696,-0.15022239427981604,1567457519022
8151,8151,462,Gyroscope,0.0627833554123344,-0.42658036050642595,-0.1571654100118933,1567457519024
8153,8153,462,Gyroscope,0.0701542202677253,-0.3764385004317903,-0.16078126812153518,1567457519027
8155,8155,462,Gyroscope,0.07703859142978091,-0.3304870396327888,-0.15947475257880772,1567457519028
8157,8157,462,Gyroscope,0.08700271406185167,-0.28660438615949213,-0.1511478009321185,1567457519030
8159,8159,462,Gyroscope,0.09793948405351492,-0.2443941129799866,-0.13711747047749573,1567457519032
8161,8161,462,Gyroscope,0.10668636458090228,-0.2082384305349484,-0.12134887502222098,1567457519034
8163,8163,462,Gyroscope,0.11381087740497668,-0.1769790408321305,-0.10329025719880082,1567457519037
8165,8165,462,Gyroscope,0.11991792478756437,-0.14322507838483997,-0.0773784877878553,1567457519039
8167,8167,462,Gyroscope,0.1236656353178131,-0.10575862518684381,-0.04245237994223415,1567457519040
8169,8169,462,Gyroscope,0.12496916875511693,-0.07016400667696247,-0.0028995794378776293,1567457519042
8171,8171,462,Gyroscope,0.1252027951203022,-0.03572435337906987,0.04122345657705648,1567457519044
8173,8173,462,Gyroscope,0.12448134546433491,0.004974973865764284,0.09269133804191217,1567457519047
8176,8176,462,Gyroscope,0.12231931752571756,0.05318394882954583,0.14539167697435598,1567457519048
8178,8178,462,Gyroscope,0.11926825979359233,0.104727879066672,0.1878451730867526,1567457519050
8180,8180,462,Gyroscope,0.11492841818043248,0.1626897373157275,0.21737449148024746,1567457519052
8181,8181,462,Gyroscope,0.1074380284240891,0.2345686607009932,0.2396842587753277,1567457519054
8183,8183,462,Gyroscope,0.09750330293903517,0.31658182503731686,0.2574872160839523,1567457519057
8185,8185,462,Gyroscope,0.0881805344396561,0.39537472115992695,0.2686822250205972,1567457519059
8187,8187,462,Gyroscope,0.078819589756538,0.4656635783410666,0.27346938873562016,1567457519060
8189,8189,462,Gyroscope,0.0656188575088876,0.5312434626004188,0.2757243255074424,1567457519062
8191,8191,462,Gyroscope,0.04887493302989354,0.5912095968967508,0.2774654315471452,1567457519064
8193,8193,462,Gyroscope,0.032531130999212954,0.6407772406818901,0.2771937695666701,1567457519067
8195,8195,462,Gyroscope,0.017309699837634467,0.6802513968875572,0.2741163347038546,1567457519069
8197,8197,462,Gyroscope,0.0009720610593027717,0.7114585405596938,0.2704765724582851,1567457519070
8199,8199,462,Gyroscope,-0.01645454225172995,0.7330475045539075,0.2684451483612411,1567457519072
8201,8201,462,Gyroscope,-0.033148680503808724,0.7457409996310915,0.2660895557911999,1567457519074
8203,8203,462,Gyroscope,-0.049140471762436674,0.7546117112682333,0.259219277397875,1567457519077
8205,8205,462,Gyroscope,-0.06534449451480566,0.7629453434294433,0.2478156638895337,1567457519079
8207,8207,462,Gyroscope,-0.08074581037432207,0.7692271356019311,0.23614957535081688,1567457519080
8209,8209,462,Gyroscope,-0.09360461381183005,0.7718644120501954,0.22546330931610786,1567457519082
8211,8211,462,Gyroscope,-0.10361986616904313,0.7728586350910994,0.21291437968572796,1567457519084
8213,8213,462,Gyroscope,-0.1109584138501643,0.7749993548744945,0.19863073119867963,1567457519087
8216,8216,462,Gyroscope,-0.11517527861689619,0.7781201036646392,0.18628871064750835,1567457519088
8217,8217,462,Gyroscope,-0.11613941075152959,0.7801111641569267,0.1758292455747299,1567457519090
8219,8219,462,Gyroscope,-0.1149934217159132,0.7804218729605328,0.16292609102059535,1567457519092
8222,8222,462,Gyroscope,-0.11396253476049226,0.7801871374482456,0.1468095566213936,1567457519095
8223,8223,462,Gyroscope,-0.11431886565513533,0.7786390978984858,0.1323213055231979,1567457519097
8226,8226,462,Gyroscope,-0.11436774413086648,0.772822829381737,0.12297710778215236,1567457519098
8228,8228,462,Gyroscope,-0.11175773062547976,0.7623301847044661,0.11729317508528755,1567457519100
8230,8230,462,Gyroscope,-0.10735883974563543,0.7497311702333032,0.11291758065726575,1567457519102
8232,8232,462,Gyroscope,-0.10383894632609555,0.7346523934528915,0.10959522333663188,1567457519104
8234,8234,462,Gyroscope,-0.10152677332097762,0.7133787704155534,0.1072680005141794,1567457519107
8236,8236,462,Gyroscope,-0.09889067043186917,0.6860054532603717,0.10531238844413357,1567457519109
8238,8238,462,Gyroscope,-0.09579326857210872,0.6571390839341031,0.1042670533841214,1567457519111
8240,8240,462,Gyroscope,-0.09296321141764484,0.6274261207274242,0.10535158611395556,1567457519112
8241,8241,462,Gyroscope,-0.08950024768741485,0.5918371393736851,0.10802453119757179,1567457519114
8243,8243,462,Gyroscope,-0.08429321255794547,0.549096071904646,0.1103107129801653,1567457519116
8245,8245,462,Gyroscope,-0.07857375527573549,0.5040210648339427,0.11202669545864989,1567457519118
8247,8247,462,Gyroscope,-0.07403771089684161,0.45772078046208886,0.1155373769786684,1567457519121
8249,8249,462,Gyroscope,-0.07005398985872492,0.40656782516248346,0.12203427544265298,1567457519123
8251,8251,462,Gyroscope,-0.0652231116208231,0.3528669744605803,0.12947032049908938,1567457519124
8253,8253,462,Gyroscope,-0.06032750758701095,0.3038189168413891,0.13597073473596227,1567457519126
8255,8255,462,Gyroscope,-0.05754130155279983,0.2587453349243569,0.14212186017549835,1567457519128
8257,8257,462,Gyroscope,-0.05715344543735977,0.2097896389336486,0.14809228179478387,1567457519130
8259,8259,462,Gyroscope,-0.05721030202455882,0.1559695143008027,0.15242814767406943,1567457519133
8261,8261,462,Gyroscope,-0.05649375620908137,0.10430679031895314,0.15535825208627416,1567457519135
8263,8263,462,Gyroscope,-0.05548194342494686,0.056589885146193286,0.15932031727507678,1567457519136
8265,8265,462,Gyroscope,-0.054719126991884456,0.008207752914905235,0.16477665660867602,1567457519138
8267,8267,462,Gyroscope,-0.054870690189145116,-0.0399039411799068,0.1689265057793808,1567457519140
8269,8269,462,Gyroscope,-0.057226308748542454,-0.08153660426913599,0.1699427295668635,1567457519143
8271,8271,462,Gyroscope,-0.06190674166990095,-0.11673483102679677,0.16983457494834905,1567457519145
8273,8273,462,Gyroscope,-0.06730933186116597,-0.1516543605976573,0.17140087347024308,1567457519146
8275,8275,462,Gyroscope,-0.07251571995830121,-0.18778173966807354,0.17437312852184042,1567457519148
8277,8277,462,Gyroscope,-0.07826989675153731,-0.22043114219578658,0.17697283311674566,1567457519150
8279,8279,462,Gyroscope,-0.08516508971011647,-0.24744363679673165,0.17951641291462514,1567457519152
8281,8281,462,Gyroscope,-0.0929200469020128,-0.27084844762438826,0.18344305033518477,1567457519155
8283,8283,462,Gyroscope,-0.10209425807472586,-0.2897332445251868,0.1883337538151916,1567457519157
8285,8285,462,Gyroscope,-0.11420316348476928,-0.2994302868313534,0.19272088684790656,1567457519158
8287,8287,462,Gyroscope,-0.12849371823160044,-0.29836118852214877,0.19661783338761638,1567457519160
8290,8290,462,Gyroscope,-0.14147299394607715,-0.2902185688272511,0.2014593352220036,1567457519162
8292,8292,462,Gyroscope,-0.15174209241360903,-0.27856987658348076,0.20839945529531712,1567457519165
8294,8294,462,Gyroscope,-0.16150919297084618,-0.26140576607424704,0.21738405590040083,1567457519167
8296,8296,462,Gyroscope,-0.1718679030888435,-0.23361465053609165,0.22737785128163918,1567457519168
8298,8298,462,Gyroscope,-0.18131226590161553,-0.1955166022936343,0.23748639200572047,1567457519170
8300,8300,462,Gyroscope,-0.18939494208136504,-0.15247353182649886,0.2482146317570541,1567457519172
8302,8302,462,Gyroscope,-0.19709595820376472,-0.10473532986824553,0.26101939479213876,1567457519175
8304,8304,462,Gyroscope,-0.20382361896297777,-0.0492372156853835,0.2759681246188772,1567457519177
8306,8306,462,Gyroscope,-0.20783224376157683,0.008294018053614257,0.290856638055928,1567457519179
8308,8308,462,Gyroscope,-0.20883838037301306,0.057802576691611846,0.3036363116912976,1567457519180
8310,8310,462,Gyroscope,-0.20782976884802334,0.0999331584065998,0.31474343809159483,1567457519182
8312,8312,462,Gyroscope,-0.20572270830431397,0.14242372107387832,0.32616663767637855,1567457519184
8314,8314,462,Gyroscope,-0.2033106072661025,0.18539824003777267,0.3390062016492398,1567457519187
8316,8316,462,Gyroscope,-0.20048552634366046,0.22333154960265683,0.35278145253698856,1567457519189
8318,8318,462,Gyroscope,-0.19593201074289324,0.2564507484610534,0.366419377198533,1567457519191
8320,8320,462,Gyroscope,-0.18989280383232296,0.28779675615887845,0.37867829775447337,1567457519192
8322,8322,462,Gyroscope,-0.18478050106016553,0.31506347834574955,0.38847655690601923,1567457519194
8324,8324,462,Gyroscope,-0.18101886294431924,0.33613989887431184,0.3962516237973747,1567457519196
8326,8326,462,Gyroscope,-0.17656597079930406,0.35496682604681506,0.4037787406736349,1567457519198
8328,8328,462,Gyroscope,-0.17154037627966853,0.3742266559151415,0.4116836970945339,1567457519201
8330,8330,462,Gyroscope,-0.16815064126757184,0.39178965596396,0.4184214903281742,1567457519203
8332,8332,462,Gyroscope,-0.1664232441209544,0.40863787871740276,0.42209592266460116,1567457519204
8334,8334,462,Gyroscope,-0.16471367033440687,0.4298781555048027,0.42254392054648526,1567457519206
8336,8336,462,Gyroscope,-0.1629398881163579,0.45574153193097516,0.4211034638077119,1567457519208
8338,8338,462,Gyroscope,-0.16197355959353485,0.4817053332813628,0.41833686067878934,1567457519211
8340,8340,462,Gyroscope,-0.16217094343793942,0.5079894293232492,0.4136691091787472,1567457519213
8342,8342,462,Gyroscope,-0.16419640891671153,0.5384114310369872,0.40790716190340437,1567457519215
8344,8344,462,Gyroscope,-0.16813966429973132,0.5708407311409214,0.4031406790214747,1567457519216
8346,8346,462,Gyroscope,-0.17150239285482488,0.5995642164106232,0.3991090313242237,1567457519218
8348,8348,462,Gyroscope,-0.1716973734635331,0.6247228545079113,0.3929864023413673,1567457519220
8350,8350,462,Gyroscope,-0.17001037742946046,0.6498653632382211,0.38383055379695186,1567457519223
8352,8352,462,Gyroscope,-0.16986070133925543,0.6735804292811891,0.37421943959665344,1567457519225
8354,8354,462,Gyroscope,-0.17183163014028224,0.6909100104452601,0.36606522753684384,1567457519227
8356,8356,462,Gyroscope,-0.17258386906750414,0.6995836774556418,0.35740739713543573,1567457519228
8358,8358,462,Gyroscope,-0.16896284733993405,0.7000106959947149,0.3457601083919356,1567457519230
8360,8360,462,Gyroscope,-0.16229086184626781,0.6926556946870227,0.3323658106967805,1567457519232
8362,8362,462,Gyroscope,-0.15616699531033867,0.6781419706068821,0.3196155874342578,1567457519235
8364,8364,462,Gyroscope,-0.15000104138717565,0.6560228522929791,0.30637545572939645,1567457519237
8366,8366,462,Gyroscope,-0.14022496835160836,0.6234962193933811,0.2902778779604071,1567457519239
8368,8368,462,Gyroscope,-0.12804581080392782,0.5799740356099904,0.2726773796134802,1567457519240
8369,8369,462,Gyroscope,-0.11727806756926634,0.529606964821932,0.2565071911604816,1567457519242
8371,8371,462,Gyroscope,-0.10526166905727291,0.4757402543441651,0.24151255770276364,1567457519244
8373,8373,462,Gyroscope,-0.08692588463039472,0.4193035851326199,0.2263398277504364,1567457519246
8375,8375,462,Gyroscope,-0.06562026144820002,0.3619307860539698,0.2118230571011746,1567457519249
8377,8377,462,Gyroscope,-0.04864620153198075,0.3030627488839556,0.198260595872074,1567457519251
8379,8379,462,Gyroscope,-0.03533856245225125,0.24047942604754205,0.18454660704459716,1567457519253
8381,8381,462,Gyroscope,-0.019204052298025628,0.1786595669470844,0.17210096847362832,1567457519254
8383,8383,462,Gyroscope,0.001227803966880321,0.12558248076944892,0.16338329238665084,1567457519256
8385,8385,462,Gyroscope,0.021305567847894072,0.08049368098273496,0.15651637795541185,1567457519258
8387,8387,462,Gyroscope,0.03832544936174572,0.0367845888568963,0.14760103024992607,1567457519261
8390,8390,462,Gyroscope,0.05443667035186886,-0.005024233051396502,0.13653241780759806,1567457519263
8391,8391,462,Gyroscope,0.07174163176353227,-0.03789267619391747,0.12492649525295384,1567457519265
8393,8393,462,Gyroscope,0.08953300135972343,-0.059618627567215615,0.11143444597978072,1567457519266
8395,8395,462,Gyroscope,0.1059730416849759,-0.07425627504042506,0.094687753900602,1567457519268
8397,8397,462,Gyroscope,0.11937145126148432,-0.08391918416076438,0.07743635635780803,1567457519270
8399,8399,462,Gyroscope,0.12964316305277995,-0.08780030521078472,0.062242900348288596,1567457519273
8401,8401,462,Gyroscope,0.13932346827864311,-0.08756001459392654,0.04625706097024579,1567457519275
8403,8403,462,Gyroscope,0.15028429388683487,-0.08620573387820807,0.025575136967536792,1567457519277
8406,8406,462,Gyroscope,0.16094051240384205,-0.0841158438784473,0.0023133452380432436,1567457519278
8408,8408,462,Gyroscope,0.1702264718644319,-0.08157180473517443,-0.018156151931317557,1567457519280
8410,8410,462,Gyroscope,0.18106559071140219,-0.08147828733511467,-0.03539425895052377,1567457519283
8412,8412,462,Gyroscope,0.19514537089819828,-0.08595455696336855,-0.05288220874299698,1567457519285
8414,8414,462,Gyroscope,0.20832187236708916,-0.0947420321026908,-0.07003737167820026,1567457519287
8416,8416,462,Gyroscope,0.21700147432287964,-0.10858761990601914,-0.08280762271978939,1567457519288
8418,8418,462,Gyroscope,0.2245234582764478,-0.12846055037133206,-0.0911472423627557,1567457519290
8420,8420,462,Gyroscope,0.23525055092338176,-0.15114691004895797,-0.0985606636506936,1567457519292
8422,8422,462,Gyroscope,0.24729453981936078,-0.17242930538135431,-0.1056719232966294,1567457519295
8424,8424,462,Gyroscope,0.2565232784223902,-0.19430987074874861,-0.11034633960805228,1567457519297
8426,8426,462,Gyroscope,0.2629784456593431,-0.22167401693747774,-0.11235893410530803,1567457519299
8428,8428,462,Gyroscope,0.2690680465025159,-0.2526695527738475,-0.11316209116601908,1567457519301
8430,8430,462,Gyroscope,0.2755236793892443,-0.28118935564982395,-0.11271040724232523,1567457519302
8431,8431,462,Gyroscope,0.2817692927386471,-0.3076747927627636,-0.1101610280656854,1567457519304
8433,8433,462,Gyroscope,0.28706277832689014,-0.3367003432524707,-0.10667918908329249,1567457519306
8435,8435,462,Gyroscope,0.2903295773874757,-0.36561936385877114,-0.10494501384292264,1567457519309
8437,8437,462,Gyroscope,0.29118648644175676,-0.3878854619817994,-0.10597167932195292,1567457519311
8439,8439,462,Gyroscope,0.290956152650127,-0.4053451182956433,-0.10806965810722571,1567457519313
8441,8441,462,Gyroscope,0.29117337076477745,-0.42500339085671524,-0.10974782828639974,1567457519314
8443,8443,462,Gyroscope,0.29152197230262394,-0.44632022962687656,-0.11232296856522986,1567457519316
8445,8445,462,Gyroscope,0.2901019901630002,-0.4629187919662585,-0.11792561645499514,1567457519318
8447,8447,462,Gyroscope,0.28577329952652997,-0.4738365085432645,-0.1261637651963123,1567457519321
8449,8449,462,Gyroscope,0.2797585951815219,-0.4829343143667735,-0.1351695624351794,1567457519323
8451,8451,462,Gyroscope,0.2739708585608862,-0.49013560319131155,-0.14476481890518092,1567457519324
8453,8453,462,Gyroscope,0.26808091440326487,-0.491812441490632,-0.15601318050617746,1567457519326
8455,8455,462,Gyroscope,0.2601325294569715,-0.4874876077647734,-0.16896064574460298,1567457519328
8457,8457,462,Gyroscope,0.24985684803165575,-0.48043672189789544,-0.18308708702097143,1567457519331
8459,8459,462,Gyroscope,0.238927122830559,-0.47300125716177976,-0.198515191819241,1567457519333
8461,8461,462,Gyroscope,0.22771961024587228,-0.46379428682331814,-0.21564901661279817,1567457519334
8463,8463,462,Gyroscope,0.21449834193524198,-0.449837158693425,-0.23478881964383616,1567457519336
8465,8465,462,Gyroscope,0.19874616649508697,-0.43104583941325914,-0.2553007968473156,1567457519338
8467,8467,462,Gyroscope,0.1822161490203081,-0.40979949373081515,-0.27500949144834574,1567457519341
8469,8469,462,Gyroscope,0.16518577448343097,-0.3859481931359391,-0.29264822964010984,1567457519343
8471,8471,462,Gyroscope,0.14587236102092316,-0.357603884739779,-0.309552135086008,1567457519345
8473,8473,462,Gyroscope,0.1253379129876383,-0.3268371278441207,-0.3266955935845895,1567457519346
8475,8475,462,Gyroscope,0.10734499871083064,-0.2977933346472039,-0.3426755256312897,1567457519348
8477,8477,462,Gyroscope,0.0913522754999613,-0.2686847036179289,-0.35624112850954254,1567457519350
8480,8480,462,Gyroscope,0.0723536552598174,-0.23269644760028035,-0.3683800083564342,1567457519353
8482,8482,462,Gyroscope,0.04958203142125031,-0.1888297274811609,-0.3808315661384256,1567457519355
8483,8483,462,Gyroscope,0.027707601506963844,-0.1445136623763067,-0.39356509635773973,1567457519357
8485,8485,462,Gyroscope,0.008294755351824404,-0.1044309529383356,-0.40419066414453053,1567457519358
8487,8487,462,Gyroscope,-0.011379119660198405,-0.06561769534506325,-0.4102255133171707,1567457519360
8489,8489,462,Gyroscope,-0.03145415707961248,-0.026579436398603,-0.4123015545457168,1567457519362
8491,8491,462,Gyroscope,-0.04952946487236398,0.008836859891116227,-0.41403370368803316,1567457519365
8493,8493,462,Gyroscope,-0.0651762719335443,0.03892816493236866,-0.41773743684576725,1567457519367
8495,8495,462,Gyroscope,-0.07866031672091618,0.06668075100599857,-0.4219880870231575,1567457519369
8498,8498,462,Gyroscope,-0.08909582093292102,0.09370686029548411,-0.42478369734718036,1567457519370
8500,8500,462,Gyroscope,-0.09696897512558386,0.11822383379853743,-0.4267238581481269,1567457519372
8502,8502,462,Gyroscope,-0.10434303553746876,0.13946513617199327,-0.4289948843334884,1567457519374
8504,8504,462,Gyroscope,-0.11143845535008826,0.15915183394562143,-0.43050029735464773,1567457519377
8505,8505,462,Gyroscope,-0.11664268014975424,0.17870707463724778,-0.4296686771035855,1567457519379
8507,8507,462,Gyroscope,-0.11961249965546329,0.19821433370564107,-0.4274166106331713,1567457519381
8509,8509,462,Gyroscope,-0.12113741725437902,0.21665050568804184,-0.4253468125803738,1567457519382
8511,8511,462,Gyroscope,-0.12137442924299052,0.23163833212062465,-0.42257026905712225,1567457519384
8513,8513,462,Gyroscope,-0.12061838728561633,0.24112785956173105,-0.4176017847101305,1567457519386
8515,8515,462,Gyroscope,-0.11901640391612127,0.24528077060556763,-0.4113897683075002,1567457519389
8517,8517,462,Gyroscope,-0.11446718138500786,0.2456611833862336,-0.4048894927920651,1567457519391
8519,8519,462,Gyroscope,-0.10461691783090454,0.24361061627471672,-0.39641540393519004,1567457519393
8521,8521,462,Gyroscope,-0.09068170307398833,0.23858997423358302,-0.3847883952249405,1567457519394
8523,8523,462,Gyroscope,-0.07596562560156295,0.22763655902245597,-0.37146497189293476,1567457519396
8525,8525,462,Gyroscope,-0.06215050089930174,0.20919529014272115,-0.357414608018231,1567457519398
8527,8527,462,Gyroscope,-0.049107344611937956,0.1868682664696762,-0.3425920092439256,1567457519401
8529,8529,462,Gyroscope,-0.03616612443899981,0.1655799063417642,-0.32875331543770325,1567457519403
8531,8531,462,Gyroscope,-0.022382005219143356,0.14501392797077564,-0.3173836228923079,1567457519405
8533,8533,462,Gyroscope,-0.00726712112073472,0.12088040241223802,-0.30631028441452507,1567457519407
8535,8535,462,Gyroscope,0.00795262811778886,0.09237307891381905,-0.2931907506607515,1567457519408
8537,8537,462,Gyroscope,0.02109260862678287,0.06367765871881868,-0.2791781828600554,1567457519410
8539,8539,462,Gyroscope,0.03178855065447355,0.03711149820086472,-0.26575846727288993,1567457519413
8541,8541,462,Gyroscope,0.041725069307425026,0.010788543977992811,-0.2523645278204401,1567457519415
8543,8543,462,Gyroscope,0.05129356809256141,-0.015213999920274206,-0.23891910584172976,1567457519417
8545,8545,462,Gyroscope,0.059058201505040195,-0.03769714485568942,-0.2264021138374802,1567457519419
8547,8547,462,Gyroscope,0.06528200492811177,-0.057121822517150644,-0.2146644544001206,1567457519420
8550,8550,462,Gyroscope,0.07185465907563875,-0.07805642413133916,-0.20297668952784126,1567457519422
8552,8552,462,Gyroscope,0.07833597823738399,-0.10157310389029006,-0.1916151216252709,1567457519425
8554,8554,462,Gyroscope,0.08305341111316737,-0.12444224626805761,-0.18044988519093957,1567457519427
8556,8556,462,Gyroscope,0.08794584195535449,-0.14605368636651506,-0.1679939976038621,1567457519429
8558,8558,462,Gyroscope,0.09647213478769506,-0.16867267057348473,-0.15399566465525585,1567457519430
8560,8560,462,Gyroscope,0.1070166102333936,-0.1921368321746813,-0.14028178154840956,1567457519432
8561,8561,462,Gyroscope,0.11428559536498997,-0.21505220046067614,-0.12733237885575893,1567457519434
8563,8563,462,Gyroscope,0.11712195524087289,-0.23777724953227308,-0.11347798664206293,1567457519437
8565,8565,462,Gyroscope,0.11970398057052231,-0.25939159737584017,-0.09842968862459095,1567457519439
8567,8567,462,Gyroscope,0.12448294418341622,-0.2771491882576688,-0.08396569404983414,1567457519441
8569,8569,462,Gyroscope,0.12856848324851067,-0.2919633509587542,-0.0713182685659426,1567457519443
8572,8572,462,Gyroscope,0.1292753936648268,-0.30832206414765984,-0.060806245772017445,1567457519444
8574,8574,462,Gyroscope,0.1291389868390237,-0.3267769468574977,-0.052465551309914205,1567457519446
8576,8576,462,Gyroscope,0.13142771717769036,-0.34299336097083344,-0.04487558927516294,1567457519449
8577,8577,462,Gyroscope,0.13408248067068115,-0.35613424163101226,-0.035975627276036926,1567457519451
8579,8579,462,Gyroscope,0.13276845588419972,-0.37095607986826673,-0.02657663046724866,1567457519453
8582,8582,462,Gyroscope,0.1271692902548343,-0.38923128293841924,-0.01964195404647489,1567457519455
8584,8584,462,Gyroscope,0.12015883186470484,-0.40642234465748495,-0.015239300944192789,1567457519456
8586,8586,462,Gyroscope,0.1132387639046683,-0.4194724919357312,-0.010416197472605847,1567457519458
8588,8588,462,Gyroscope,0.10614492736925146,-0.43135166879554937,-0.004303760185684277,1567457519461
8590,8590,462,Gyroscope,0.09865206454599071,-0.44484841564870636,0.001466441759140394,1567457519463
8592,8592,462,Gyroscope,0.08991234270777765,-0.4572074710669184,0.007665159861174637,1567457519465
8593,8593,462,Gyroscope,0.07815168793072719,-0.46456652922812913,0.01789591591200193,1567457519467
8595,8595,462,Gyroscope,0.06366388367029377,-0.46737852736612806,0.03308859798395355,1567457519468
8597,8597,462,Gyroscope,0.04998963468518959,-0.4679537506324097,0.049760118958076936,1567457519470
8599,8599,462,Gyroscope,0.039310993080973584,-0.4665003035777021,0.06505634237312885,1567457519473
8601,8601,462,Gyroscope,0.028785323920524544,-0.4620730391186304,0.07968642754674937,1567457519475
8604,8604,462,Gyroscope,0.014803056006386234,-0.4540984304129645,0.09487552346261871,1567457519477
8606,8606,462,Gyroscope,-0.0012747113564598898,-0.44173602590445415,0.11038885194099014,1567457519478
8608,8608,462,Gyroscope,-0.015900248070590352,-0.4239214977514537,0.12623275607840462,1567457519480
8609,8609,462,Gyroscope,-0.029413143161341623,-0.4005438601148895,0.14225097592660688,1567457519482
8611,8611,462,Gyroscope,-0.04395652035998737,-0.3726937995272246,0.15576350889676835,1567457519485
8613,8613,462,Gyroscope,-0.05795687511521605,-0.3406733111108574,0.16356746620708112,1567457519487
8616,8616,462,Gyroscope,-0.0683278304214272,-0.3023278973760124,0.16604517566331392,1567457519489
8617,8617,462,Gyroscope,-0.07596390284916439,-0.2567401926136171,0.16613588904176183,1567457519490
8619,8619,462,Gyroscope,-0.0849039101791553,-0.20882471749763745,0.16553828235688525,1567457519492
8621,8621,462,Gyroscope,-0.0975855216869304,-0.1646618640879099,0.1638505170414417,1567457519495
8623,8623,462,Gyroscope,-0.11287266048810059,-0.12297842849509798,0.15933548678081808,1567457519497
8626,8626,462,Gyroscope,-0.12761849289355892,-0.0778477427726211,0.15026393300086058,1567457519499
8628,8628,462,Gyroscope,-0.13952557150624284,-0.030005359023423703,0.13744872439951678,1567457519501
8630,8630,462,Gyroscope,-0.14950817530088537,0.011699309680022352,0.12353367124683651,1567457519502
8632,8632,462,Gyroscope,-0.16088761532347473,0.04147653448369593,0.10870876992391372,1567457519504
8634,8634,462,Gyroscope,-0.17458771855911587,0.06155813371881043,0.09119194892732005,1567457519507
8636,8636,462,Gyroscope,-0.1869496906994234,0.07519850895688189,0.07219657830281698,1567457519509
8638,8638,462,Gyroscope,-0.19501294807701292,0.08272692527700004,0.055172840950358654,1567457519511
8640,8640,462,Gyroscope,-0.20048604033632533,0.08407728553001445,0.03993579971475052,1567457519512
8642,8642,462,Gyroscope,-0.20526355073796465,0.0792898185052375,0.022340877251671734,1567457519514
8644,8644,462,Gyroscope,-0.2075084499257302,0.06785876957142277,0.00018777304619969036,1567457519517
8646,8646,462,Gyroscope,-0.20513829620705876,0.04923356858953213,-0.02440348712607271,1567457519519
8648,8648,462,Gyroscope,-0.19888830268092283,0.0231403165848272,-0.04891509430680132,1567457519521
8649,8649,462,Gyroscope,-0.18970873295568114,-0.008361487671495943,-0.07302038102618737,1567457519523
8651,8651,462,Gyroscope,-0.17637753339630277,-0.040564470113635995,-0.09627796417197401,1567457519525
8653,8653,462,Gyroscope,-0.15742488617734407,-0.07114483936532585,-0.1159885166560313,1567457519526
8656,8656,462,Gyroscope,-0.13388110017268046,-0.10107658377528325,-0.12884770578282173,1567457519529
8658,8658,462,Gyroscope,-0.10901071015556271,-0.12904290724690162,-0.13457936699958223,1567457519531
8660,8660,462,Gyroscope,-0.0856434010024954,-0.15161945657888623,-0.1364453763621679,1567457519533
8662,8662,462,Gyroscope,-0.06387610095715492,-0.1688895225167562,-0.1359225801187744,1567457519535
8664,8664,462,Gyroscope,-0.041299830231191534,-0.18400673623730535,-0.12964141898230264,1567457519536
8666,8666,462,Gyroscope,-0.016569464239329486,-0.19816300980529283,-0.11559268843896658,1567457519538
8668,8668,462,Gyroscope,0.007597408133092521,-0.20976893274131553,-0.09704040177077554,1567457519541
8670,8670,462,Gyroscope,0.027943948027443277,-0.2172771542923151,-0.07577676125790307,1567457519543
8672,8672,462,Gyroscope,0.0459331253485141,-0.2199672333684346,-0.04960461436810017,1567457519545
8674,8674,462,Gyroscope,0.0645695737814139,-0.21732526848274158,-0.01995559359971466,1567457519547
8676,8676,462,Gyroscope,0.08175034311579353,-0.2100756920344523,0.007802483383136338,1567457519548
8678,8678,462,Gyroscope,0.09257424930692573,-0.19979050079822586,0.0332534897545055,1567457519550
8680,8680,462,Gyroscope,0.09695578072023045,-0.18617268699483944,0.06059219860641584,1567457519553
8682,8682,462,Gyroscope,0.09942713564945688,-0.16817024212069426,0.08950728609656343,1567457519555
8684,8684,462,Gyroscope,0.1016880068139269,-0.1474272950451221,0.1147876414235579,1567457519557
8686,8686,462,Gyroscope,0.10037554930182163,-0.12647031299780287,0.1343032488062983,1567457519559
8688,8688,462,Gyroscope,0.09297324321109973,-0.10536626840611046,0.1502672913242067,1567457519560
8690,8690,462,Gyroscope,0.08162990602911219,-0.08319489323157458,0.16342976083452554,1567457519562
8692,8692,462,Gyroscope,0.06966491429511429,-0.060208810436717,0.17209212722609257,1567457519565
8694,8694,462,Gyroscope,0.05716123225020897,-0.037797214995130016,0.1763508573981196,1567457519567
8696,8696,462,Gyroscope,0.041949747926324735,-0.01799159593848055,0.17879455153570295,1567457519569
8698,8698,462,Gyroscope,0.02383361840515162,-0.0011878928171918136,0.18081575774433617,1567457519571
8699,8699,462,Gyroscope,0.005020499756174347,0.01589822383831089,0.18093089314028812,1567457519572
8701,8701,462,Gyroscope,-0.01355977189849031,0.03653107632339937,0.1777508582377554,1567457519574
8703,8703,462,Gyroscope,-0.03261732720221373,0.05917794347626555,0.17286533379089342,1567457519577
8706,8706,462,Gyroscope,-0.052083443685966915,0.0813774404138958,0.1686856311025037,1567457519579
8707,8707,462,Gyroscope,-0.07222709570263564,0.10648075280517946,0.16476419533507325,1567457519581
8709,8709,462,Gyroscope,-0.09415787904731156,0.13921582291293622,0.15906292750912285,1567457519583
8711,8711,462,Gyroscope,-0.11631081221067713,0.17645130574861548,0.1519564328482928,1567457519584
8714,8714,462,Gyroscope,-0.13521251834718695,0.21142267671135395,0.14618938786993746,1567457519587
8716,8716,462,Gyroscope,-0.151153495852619,0.24562967688224757,0.14309053174416578,1567457519589
8718,8718,462,Gyroscope,-0.16763368501097614,0.28660085557647075,0.14112406864703725,1567457519591
8720,8720,462,Gyroscope,-0.18466900537755024,0.3343682806719129,0.13880925215681952,1567457519593
8722,8722,462,Gyroscope,-0.19819433626563288,0.38096632774332206,0.1372737832771576,1567457519595
8723,8723,462,Gyroscope,-0.20654377587103842,0.42351646489424205,0.1384518801205099,1567457519596
8725,8725,462,Gyroscope,-0.21225649843726818,0.4655645751696491,0.1419295642615106,1567457519598
8727,8727,462,Gyroscope,-0.21702980888475987,0.5057203996482087,0.14556732510854328,1567457519601
8729,8729,462,Gyroscope,-0.2194578047919358,0.5377699837352237,0.14884295244203027,1567457519603
8731,8731,462,Gyroscope,-0.21825174626627142,0.5609390022494574,0.1530462971470034,1567457519605
8733,8733,462,Gyroscope,-0.21467682290312246,0.5797296780120641,0.15768216923864037,1567457519607
8735,8735,462,Gyroscope,-0.21111712249849218,0.5955310974166856,0.15988139205232677,1567457519608
8737,8737,462,Gyroscope,-0.20841234869289982,0.6051603324394477,0.15851820059132746,1567457519610
8739,8739,462,Gyroscope,-0.20553786982728034,0.6062223900039594,0.15579005791909042,1567457519613
8741,8741,462,Gyroscope,-0.20146089794960087,0.5996845623204388,0.15410818971945656,1567457519615
8743,8743,462,Gyroscope,-0.19590961797899664,0.5870456138455634,0.15373251506380858,1567457519617
8746,8746,462,Gyroscope,-0.1891395569174371,0.5678722640754977,0.15314762551072114,1567457519619
8748,8748,462,Gyroscope,-0.18249228206033513,0.541817591012675,0.1509257269267018,1567457519620
8750,8750,462,Gyroscope,-0.17753611041755812,0.5110990894748204,0.1477090179821845,1567457519623
8752,8752,462,Gyroscope,-0.17348230969431822,0.4783126893533551,0.145401117005544,1567457519625
8754,8754,462,Gyroscope,-0.1674524891470962,0.44252423644370453,0.14431917124793475,1567457519627
8756,8756,462,Gyroscope,-0.15794808645558073,0.4010333399921768,0.1431363902633307,1567457519629
8758,8758,462,Gyroscope,-0.14661058212141836,0.3554170051704707,0.1414662784978139,1567457519631
8760,8760,462,Gyroscope,-0.13619610433243318,0.31016324574701404,0.1406384606546513,1567457519632
8762,8762,462,Gyroscope,-0.12748845811375734,0.2643088625401856,0.14181145066577386,1567457519635
8764,8764,462,Gyroscope,-0.11916570787311899,0.2132123506487298,0.1444679635959002,1567457519637
8766,8766,462,Gyroscope,-0.11081846854309782,0.1594534752039084,0.14712706320772914,1567457519639
8768,8768,462,Gyroscope,-0.10381016780886321,0.11133179977103601,0.14858077999163133,1567457519641
8770,8770,462,Gyroscope,-0.09777809711832763,0.07005033406460145,0.14809417843577813,1567457519643
8772,8772,462,Gyroscope,-0.08942080235943614,0.02843598504552171,0.14587879463700062,1567457519644
8774,8774,462,Gyroscope,-0.07715566647598826,-0.01692799591211029,0.14370209918546076,1567457519647
8776,8776,462,Gyroscope,-0.06352218260537842,-0.06101130178182945,0.14292851857373515,1567457519649
8778,8778,462,Gyroscope,-0.05070261084662163,-0.09911785975126358,0.1418224754615287,1567457519651
8780,8780,462,Gyroscope,-0.0378241911003982,-0.13205418965026466,0.13757753093608074,1567457519653
8782,8782,462,Gyroscope,-0.024341622724559187,-0.1604214504173881,0.13086382072285807,1567457519655
8784,8784,462,Gyroscope,-0.01152533303107408,-0.18156590009660817,0.12506346927012477,1567457519656
8785,8785,462,Gyroscope,0.00029128558168203204,-0.19477208946636873,0.12128968688989797,1567457519658
8788,8788,462,Gyroscope,0.01186239623780683,-0.20367079976555738,0.11749546317163173,1567457519661
8790,8790,462,Gyroscope,0.022728572017956125,-0.21098634399674887,0.11264686552763357,1567457519663
8792,8792,462,Gyroscope,0.03238989995556444,-0.21447967460728282,0.10896377698675538,1567457519665
8794,8794,462,Gyroscope,0.0422863662481297,-0.21087512543263243,0.10883871234618755,1567457519667
8795,8795,462,Gyroscope,0.05322082287205359,-0.20126341824215288,0.11126471427083798,1567457519669
8797,8797,462,Gyroscope,0.06339050741737239,-0.18849446466845932,0.11328249206689447,1567457519670
8800,8800,462,Gyroscope,0.07158287727217125,-0.17158821446339667,0.1139934814816079,1567457519673
8801,8801,462,Gyroscope,0.07855824354373041,-0.1489709857467943,0.11462706325834665,1567457519675
8803,8803,462,Gyroscope,0.08418019138597212,-0.12523223816305357,0.11557129684280307,1567457519677
8805,8805,462,Gyroscope,0.08783633889499345,-0.10686742536363739,0.1163657580267804,1567457519679
8808,8808,462,Gyroscope,0.09119846323313506,-0.09265572786748032,0.11710873317598969,1567457519680
8810,8810,462,Gyroscope,0.09593926985637927,-0.0760144352037495,0.11683092252917919,1567457519683
8812,8812,462,Gyroscope,0.10040147216836136,-0.05546058208693583,0.11297861030571603,1567457519685
8814,8814,462,Gyroscope,0.1025221186363473,-0.03512521060337237,0.10472111778152596,1567457519687
8816,8816,462,Gyroscope,0.10361440571615596,-0.01653501020630599,0.09384825500216593,1567457519689
8818,8818,462,Gyroscope,0.10564817595148272,0.0023218035754515275,0.08200679578851251,1567457519690
8820,8820,462,Gyroscope,0.10760471724803189,0.020961404903337838,0.06975234520949314,1567457519693
8822,8822,462,Gyroscope,0.10793025196649932,0.036441557487473075,0.057294484537498275,1567457519695
8824,8824,462,Gyroscope,0.10751668982962106,0.048921449121500524,0.04449975069640699,1567457519697
8826,8826,462,Gyroscope,0.10748347417062702,0.062076289255393866,0.03155251390946986,1567457519699
8828,8828,462,Gyroscope,0.10746035609697763,0.07762084516552782,0.019701078589672905,1567457519700
8830,8830,462,Gyroscope,0.10735211295959553,0.09271827714654288,0.00977693605484344,1567457519702
8832,8832,462,Gyroscope,0.10674926154218925,0.1039758982304522,0.0009423046190763051,1567457519705
8834,8834,462,Gyroscope,0.10326975323876239,0.11143212533286345,-0.007470382850396098,1567457519707
8836,8836,462,Gyroscope,0.09599830307886129,0.1169914903879272,-0.014536477798569952,1567457519709
8838,8838,462,Gyroscope,0.08820196287555604,0.12143897101564709,-0.019661803349831763,1567457519711
8840,8840,462,Gyroscope,0.08257285634882004,0.12460771136986346,-0.023720603143274118,1567457519713
8842,8842,462,Gyroscope,0.07743925231014329,0.12634033930441665,-0.027143363665234482,1567457519714
8844,8844,462,Gyroscope,0.0708955951878082,0.12585347897870877,-0.02936812537785155,1567457519717
8846,8846,462,Gyroscope,0.06453619134801111,0.12147037807553512,-0.03080457634588759,1567457519719
8848,8848,462,Gyroscope,0.060494479224115785,0.11251570127289948,-0.03276089905464883,1567457519721
8850,8850,462,Gyroscope,0.05825512553715953,0.10110102853037971,-0.034984801590293546,1567457519723
8852,8852,462,Gyroscope,0.056101684973877894,0.089891963870166,-0.035600480929499925,1567457519725
8854,8854,462,Gyroscope,0.05325462235802557,0.07790629490970301,-0.033944202499062354,1567457519726
8856,8856,462,Gyroscope,0.050115603026909886,0.061781455987366556,-0.031516154266867,1567457519729
8858,8858,462,Gyroscope,0.04788273126599969,0.04138037491662179,-0.02978525619348986,1567457519731
8860,8860,462,Gyroscope,0.04724447510968609,0.019769234157659882,-0.028873426745056777,1567457519733
8862,8862,462,Gyroscope,0.047248004244754394,-0.0018900712933576846,-0.02858359051774662,1567457519735
8864,8864,462,Gyroscope,0.04704828079211944,-0.024324547528266467,-0.02885343845368985,1567457519737
8866,8866,462,Gyroscope,0.04754575586131974,-0.04623750845747164,-0.028827671530580842,1567457519738
8868,8868,462,Gyroscope,0.048897441800369756,-0.0655901523081465,-0.026825518386717796,1567457519741
8870,8870,462,Gyroscope,0.04853077512323112,-0.08304284318769564,-0.021686341277575044,1567457519743
8872,8872,462,Gyroscope,0.04457612465854703,-0.09955765283416959,-0.013833742980925316,1567457519745
8874,8874,462,Gyroscope,0.03914894932813407,-0.11314720557560166,-0.005035875564317917,1567457519747
8876,8876,462,Gyroscope,0.03550390023064347,-0.12174740690004532,0.0032424627083482943,1567457519749
8878,8878,462,Gyroscope,0.034026124054680786,-0.12636910202589538,0.011895714393529452,1567457519750
8880,8880,462,Gyroscope,0.03334953374913961,-0.12916421476958834,0.023662682148899557,1567457519753
8882,8882,462,Gyroscope,0.03310222828091231,-0.1311420058413298,0.039130150464893244,1567457519755
8884,8884,462,Gyroscope,0.03305003058185372,-0.13231840406162126,0.05489215940551431,1567457519757
8886,8886,462,Gyroscope,0.031771149822570906,-0.1319691096606864,0.0677099807457744,1567457519759
8888,8888,462,Gyroscope,0.02906310976478002,-0.12924550269885476,0.07822715336278768,1567457519761
8890,8890,462,Gyroscope,0.027787050142475143,-0.12467540099694453,0.08891940713858562,1567457519763
8892,8892,462,Gyroscope,0.030336244741462185,-0.12022126529985928,0.10076505200236538,1567457519764
8894,8894,462,Gyroscope,0.035006085173564266,-0.11758617838858694,0.1123811334792386,1567457519767
8896,8896,462,Gyroscope,0.03873336169790446,-0.11703831613455293,0.12101440818970315,1567457519769
8898,8898,462,Gyroscope,0.041250712995326615,-0.11760078457133077,0.12552217191795573,1567457519771
8900,8900,462,Gyroscope,0.043373226011170746,-0.11811226997180757,0.12872466830867152,1567457519773
8902,8902,462,Gyroscope,0.043746414012673915,-0.11858028071438104,0.1346668145700753,1567457519774
8903,8903,462,Gyroscope,0.040721030469101936,-0.12043363640843219,0.14351922497799735,1567457519776
8905,8905,462,Gyroscope,0.03501970688965861,-0.1246346156759656,0.15181433779028713,1567457519779
8907,8907,462,Gyroscope,0.027982375991842605,-0.12995138870308462,0.15805467107280097,1567457519781
8909,8909,462,Gyroscope,0.01969764431552641,-0.1345061747837571,0.1643887442446576,1567457519783
8911,8911,462,Gyroscope,0.010308979203705583,-0.13825578709613984,0.1715948115583915,1567457519785
8913,8913,462,Gyroscope,0.0008321779687150449,-0.14209422568568436,0.17740503303797361,1567457519787
8915,8915,462,Gyroscope,-0.008030765120326293,-0.14568735281612416,0.18147675343233055,1567457519788
8918,8918,462,Gyroscope,-0.016348101820692806,-0.14811174994174958,0.18626432455357134,1567457519791
8920,8920,462,Gyroscope,-0.024014564249196915,-0.14924381631818662,0.19166760045423709,1567457519793
8921,8921,462,Gyroscope,-0.030425798980875145,-0.14895346433468365,0.19464684226367235,1567457519795
8923,8923,462,Gyroscope,-0.03529508516295224,-0.14654510096685378,0.194339244379845,1567457519797
8925,8925,462,Gyroscope,-0.03897666988905173,-0.14188837778569655,0.1922536337483504,1567457519798
8928,8928,462,Gyroscope,-0.04214933017806581,-0.1345844213948174,0.1883354210895636,1567457519801
8929,8929,462,Gyroscope,-0.045757108304371505,-0.12198136021134745,0.18126365730687935,1567457519803
8931,8931,462,Gyroscope,-0.04992974591730384,-0.10231949260549822,0.17163698293649632,1567457519805
8934,8934,462,Gyroscope,-0.05266357741589399,-0.07949602367729572,0.16184982755144678,1567457519807
8936,8936,462,Gyroscope,-0.051870488185361927,-0.059539811027859615,0.15311532679621612,1567457519809
8938,8938,462,Gyroscope,-0.04810666683322163,-0.04327760335195313,0.14445169186957177,1567457519811
8940,8940,462,Gyroscope,-0.043020537424979056,-0.027438483984427532,0.13504634646990643,1567457519813
8942,8942,462,Gyroscope,-0.03737892617535017,-0.011230998680929659,0.12591315015362148,1567457519815
8944,8944,462,Gyroscope,-0.031891668823949705,0.0036313313898830306,0.117872276394649,1567457519817
8945,8945,462,Gyroscope,-0.02650447211304506,0.017961742882277785,0.10964469569463586,1567457519818
8948,8948,462,Gyroscope,-0.019425586516907144,0.03405719870923883,0.09994716286344633,1567457519821
8950,8950,462,Gyroscope,-0.010290103637520783,0.05031717372453437,0.08969282032593665,1567457519823
8952,8952,462,Gyroscope,-0.0013256652954684075,0.06251763232550892,0.07953015384604346,1567457519825
8954,8954,462,Gyroscope,0.00753552388465307,0.06963268448230948,0.06690230378742514,1567457519827
8955,8955,462,Gyroscope,0.01966675903085624,0.07389883758937843,0.049079197489033416,1567457519828
8957,8957,462,Gyroscope,0.03527709493849898,0.0758828590045651,0.02819731674743511,1567457519831
8959,8959,462,Gyroscope,0.050200879103941394,0.0725994652549285,0.009006853183943567,1567457519833
8961,8961,462,Gyroscope,0.0634187480654352,0.061102877044856604,-0.008016980953370955,1567457519835
8964,8964,462,Gyroscope,0.07863236739689383,0.042902585592230064,-0.02625729291008052,1567457519837
8966,8966,462,Gyroscope,0.09648919650590021,0.023059713918493936,-0.04627951550859469,1567457519838
8967,8967,462,Gyroscope,0.11314026125808818,0.004238682483585315,-0.06546140825653926,1567457519841
8969,8969,462,Gyroscope,0.12824068410965073,-0.016408131783755265,-0.0836811157612574,1567457519843
8972,8972,462,Gyroscope,0.14616221584568428,-0.042771565413762216,-0.10356578807430465,1567457519845
8974,8974,462,Gyroscope,0.16751023030356268,-0.07380201536580806,-0.12516934668325355,1567457519847
8976,8976,462,Gyroscope,0.1875903514089374,-0.10505468280587327,-0.14530830710619003,1567457519848
8978,8978,462,Gyroscope,0.2044215171097598,-0.1349438833242687,-0.1623739657745074,1567457519851
8980,8980,462,Gyroscope,0.22018211408212907,-0.1643390814014497,-0.17791797569498807,1567457519853
8982,8982,462,Gyroscope,0.23497913203438564,-0.19120378703600277,-0.1936075815922063,1567457519855
8984,8984,462,Gyroscope,0.24667014445437915,-0.2118435508610596,-0.2091733833926187,1567457519857
8986,8986,462,Gyroscope,0.2552045978842389,-0.22592366623540155,-0.22287816907964708,1567457519858
8988,8988,462,Gyroscope,0.26155143562865724,-0.23529258305061346,-0.23360129807389018,1567457519861
8989,8989,462,Gyroscope,0.26501569891607135,-0.23998797094263202,-0.24270417834723526,1567457519863
8991,8991,462,Gyroscope,0.26524081620535933,-0.23879142502356557,-0.2519146679720825,1567457519865
8993,8993,462,Gyroscope,0.26404500146658255,-0.23233079529020245,-0.2599375419094819,1567457519867
8995,8995,462,Gyroscope,0.26261113308910355,-0.22329909232203726,-0.26434282101851386,1567457519869
8998,8998,462,Gyroscope,0.25906213667226274,-0.2132492661706565,-0.2652874616595549,1567457519871
9000,9000,462,Gyroscope,0.25139702470704833,-0.20093826108022023,-0.2644122001382511,1567457519873
9002,9002,462,Gyroscope,0.24121173737705498,-0.18554639307260973,-0.2624268204292041,1567457519875
9004,9004,462,Gyroscope,0.23150936420718604,-0.16962097659447184,-0.2598658067301866,1567457519877
9006,9006,462,Gyroscope,0.22181879908341368,-0.15606100008251467,-0.2574058127676827,1567457519878
9007,9007,462,Gyroscope,0.20877862366650657,-0.1440787558608685,-0.2541461909588787,1567457519881
9009,9009,462,Gyroscope,0.1916329905882021,-0.13142132662701161,-0.2485960366916682,1567457519882
9011,9011,462,Gyroscope,0.17387377390186642,-0.11885148659986836,-0.2421542863397431,1567457519885
9014,9014,462,Gyroscope,0.1576614046253764,-0.10885686035292301,-0.23786852257928676,1567457519887
9016,9016,462,Gyroscope,0.1400909551440022,-0.10147069813335524,-0.23474754071090487,1567457519889
9018,9018,462,Gyroscope,0.11875197093580707,-0.09491123205173756,-0.22818059560326748,1567457519891
9020,9020,462,Gyroscope,0.09679546570170669,-0.08855959876810102,-0.21756176387637263,1567457519893
9022,9022,462,Gyroscope,0.07747239290026199,-0.08218038125977875,-0.20766556817112714,1567457519895
9023,9023,462,Gyroscope,0.05887709539469192,-0.07447204659310988,-0.20073968557411276,1567457519897
9026,9026,462,Gyroscope,0.03911612098058291,-0.06489597248299142,-0.19386541022052592,1567457519899
9027,9027,462,Gyroscope,0.02044341575626577,-0.05454679350306265,-0.18583088158144118,1567457519901
9030,9030,462,Gyroscope,0.0035873553661832005,-0.04327538221521854,-0.17967769570182962,1567457519903
9031,9031,462,Gyroscope,-0.0151987860689385,-0.02880756967992617,-0.17683596439738647,1567457519905
9034,9034,462,Gyroscope,-0.03682866390158619,-0.01099747065733436,-0.17498583102257786,1567457519907
9036,9036,462,Gyroscope,-0.05664240876276398,0.006811093072732415,-0.1730526396129115,1567457519909
9038,9038,462,Gyroscope,-0.07350115716172229,0.02318233360914237,-0.17361195511813,1567457519910
9040,9040,462,Gyroscope,-0.09257268881779006,0.04007689732786771,-0.17892498944177193,1567457519913
9041,9041,462,Gyroscope,-0.11465597666744642,0.05711118225632883,-0.18721627087166792,1567457519915
9043,9043,462,Gyroscope,-0.13307886697075014,0.07113848559916719,-0.19505355693059787,1567457519917
9046,9046,462,Gyroscope,-0.144916758335208,0.08256916174387605,-0.20246489469949935,1567457519919
9048,9048,462,Gyroscope,-0.15513072738626077,0.09512690307503202,-0.21224164222453168,1567457519921
9050,9050,462,Gyroscope,-0.16721592867075247,0.10924385546816695,-0.2246003419437798,1567457519923
9052,9052,462,Gyroscope,-0.17839025281680926,0.12216665902703552,-0.23735028413794168,1567457519925
9054,9054,462,Gyroscope,-0.1851032974794733,0.13394662953519573,-0.2504697754529214,1567457519927
9056,9056,462,Gyroscope,-0.1869955451201436,0.1473358323412693,-0.26493978504898236,1567457519929
9058,9058,462,Gyroscope,-0.18528054026242258,0.1625930425595798,-0.2787665104792587,1567457519931
9060,9060,462,Gyroscope,-0.18076849725696909,0.17715945471255196,-0.28992045031811065,1567457519933
9062,9062,462,Gyroscope,-0.17304427728083427,0.1896613615573347,-0.3013546860522294,1567457519935
9064,9064,462,Gyroscope,-0.16087312591808728,0.20132252129981423,-0.31758257510190235,1567457519936
9066,9066,462,Gyroscope,-0.1439500566265749,0.21350019684279525,-0.3374925701369216,1567457519939
9068,9068,462,Gyroscope,-0.12276623523696345,0.224638396337858,-0.3560356364296652,1567457519941
9070,9070,462,Gyroscope,-0.09717244265038338,0.23059616181102588,-0.3722349478085638,1567457519943
9072,9072,462,Gyroscope,-0.06774745191210904,0.2285221528467532,-0.388888107571725,1567457519945
9074,9074,462,Gyroscope,-0.03653619071599334,0.21919752383148455,-0.40445075961008836,1567457519947
9076,9076,462,Gyroscope,-0.004439727404157432,0.2057087895196683,-0.41232930037794946,1567457519949
9078,9078,462,Gyroscope,0.028210373467726493,0.1915407101349573,-0.40870868818105244,1567457519951
9080,9080,462,Gyroscope,0.05842062815922826,0.17915784498973902,-0.3960953710758066,1567457519953
9082,9082,462,Gyroscope,0.08263190062428612,0.16904426737693753,-0.3795875588180464,1567457519955
9083,9083,462,Gyroscope,0.10071137989410522,0.160916220976638,-0.3623177131708958,1567457519957
9086,9086,462,Gyroscope,0.114861401905795,0.15532777597833497,-0.3441530038294533,1567457519959
9088,9088,462,Gyroscope,0.12682220778228348,0.1524162239693992,-0.32433401451883614,1567457519961
9090,9090,462,Gyroscope,0.13685563576983187,0.15038885674044913,-0.30388682393676686,1567457519963
9091,9091,462,Gyroscope,0.1435094390264395,0.14719449982784488,-0.2841346754216943,1567457519965
9093,9093,462,Gyroscope,0.14513134893675594,0.14296995470097906,-0.266086657757175,1567457519967
9096,9096,462,Gyroscope,0.14210129619286405,0.13966579281757302,-0.2519335075149587,1567457519969
9098,9098,462,Gyroscope,0.13569812114471413,0.13813839071303474,-0.24216964978745348,1567457519971
9100,9100,462,Gyroscope,0.12557724687395236,0.13609165630447595,-0.23253780746684144,1567457519973
9102,9102,462,Gyroscope,0.11118672986769008,0.13032643430718494,-0.21954753043710767,1567457519975
9104,9104,462,Gyroscope,0.09402966740859971,0.12142065856983805,-0.20569398386638507,1567457519977
9106,9106,462,Gyroscope,0.07474574074386083,0.11340160650460492,-0.19360041061108463,1567457519979
9108,9108,462,Gyroscope,0.05060915711045694,0.10779260582801913,-0.18008304931127758,1567457519981
9110,9110,462,Gyroscope,0.0207040412198862,0.10241968278066185,-0.16197277797264512,1567457519983
9112,9112,462,Gyroscope,-0.010474978565608676,0.09753856206458396,-0.14259986086977686,1567457519985
9113,9113,462,Gyroscope,-0.03964665318192126,0.09730760216076492,-0.12699252857652946,1567457519987
9116,9116,462,Gyroscope,-0.0695665740807955,0.10319226297168843,-0.11464474376546008,1567457519989
9118,9118,462,Gyroscope,-0.10290982819994637,0.11126152015351591,-0.10099766583949635,1567457519991
9120,9120,462,Gyroscope,-0.13739829470273546,0.11764416560218516,-0.0841013485544153,1567457519993
9122,9122,462,Gyroscope,-0.17056671623939632,0.12272731164739167,-0.06738942916536284,1567457519995
9124,9124,462,Gyroscope,-0.2031609892734063,0.12877308539351504,-0.05563552674435876,1567457519997
9126,9126,462,Gyroscope,-0.23449036081239336,0.13582706497192729,-0.049824721942912584,1567457519999
9128,9128,462,Gyroscope,-0.26114939183825164,0.1415861707080536,-0.047676306154781134,1567457520001
9130,9130,462,Gyroscope,-0.28309177144511655,0.14441779115507447,-0.047658858483479304,1567457520003
9132,9132,462,Gyroscope,-0.3033964642663338,0.14449644022001873,-0.0498403133857713,1567457520005
9134,9134,462,Gyroscope,-0.3213951001590884,0.14224768434395546,-0.05346921745971167,1567457520007
9136,9136,462,Gyroscope,-0.33382170151703205,0.13825568542158984,-0.05671374483760098,1567457520009
9137,9137,462,Gyroscope,-0.34076676423476165,0.1345027499419675,-0.05929112351213555,1567457520011
9140,9140,462,Gyroscope,-0.3445261534871296,0.1328077108256333,-0.06259617131146707,1567457520013
9141,9141,462,Gyroscope,-0.3461398032733821,0.13257045623307556,-0.06664806590777637,1567457520015
9143,9143,462,Gyroscope,-0.3452847586778332,0.1327816777382618,-0.06959868922379599,1567457520017
9145,9145,462,Gyroscope,-0.33993362345125894,0.134908533571842,-0.07044130494356633,1567457520019
9147,9147,462,Gyroscope,-0.32787716291002167,0.14118742671760012,-0.06985240104091905,1567457520021
9150,9150,462,Gyroscope,-0.31107802510332966,0.1515205754447106,-0.06845255794609748,1567457520023
9152,9152,462,Gyroscope,-0.2937440257818182,0.16419920777219738,-0.06606575974086365,1567457520025
9153,9153,462,Gyroscope,-0.27498962564186463,0.17891634655448527,-0.06261737145231007,1567457520027
9155,9155,462,Gyroscope,-0.25013355331651344,0.19702381743380853,-0.058322562629916516,1567457520029
9157,9157,462,Gyroscope,-0.21973664843480514,0.21845004008589836,-0.053057604629048655,1567457520031
9159,9159,462,Gyroscope,-0.18941240137426313,0.24097379329251217,-0.046639290145506634,1567457520033
9161,9161,462,Gyroscope,-0.16046101027142337,0.26301285165926597,-0.039252081136931724,1567457520035
9164,9164,462,Gyroscope,-0.12944794190864667,0.2833081811490542,-0.03063778909908499,1567457520037
9166,9166,462,Gyroscope,-0.09668807789919136,0.29900452678919526,-0.01957736466217539,1567457520039
9168,9168,462,Gyroscope,-0.06667475140704116,0.3091516840528068,-0.00523426270068201,1567457520041
9169,9169,462,Gyroscope,-0.04143493605666124,0.31731376596083194,0.01122482451678453,1567457520043
9171,9171,462,Gyroscope,-0.019728162666694853,0.3264194007801377,0.027140629770893987,1567457520045
9173,9173,462,Gyroscope,-0.0006339362819831455,0.33544610709922085,0.04077822198222554,1567457520047
9175,9175,462,Gyroscope,0.015726205892790442,0.34369482792695416,0.05337103292898292,1567457520049
9178,9178,462,Gyroscope,0.02944016933732554,0.3531671983289715,0.06813434762291214,1567457520051
9180,9180,462,Gyroscope,0.04097329830605648,0.3653428575585001,0.08601346923229954,1567457520053
9182,9182,462,Gyroscope,0.050274710567293726,0.37935820889983585,0.1045849283858489,1567457520055
9183,9183,462,Gyroscope,0.0567923075550792,0.3933561372327924,0.12322060661139483,1567457520057
9185,9185,462,Gyroscope,0.060762665687655995,0.40587315624836684,0.14417555717371017,1567457520059
9188,9188,462,Gyroscope,0.06311724246644758,0.41701626714857,0.16647393568213045,1567457520061
9189,9189,462,Gyroscope,0.06382788676370421,0.4285106513092748,0.18609939955016422,1567457520063
9192,9192,462,Gyroscope,0.061943994382458366,0.44162883155322347,0.20303643605381866,1567457520065
9194,9194,462,Gyroscope,0.05738812398845976,0.4559363578724917,0.22041353358463828,1567457520067
9196,9196,462,Gyroscope,0.05131139609649611,0.46988541297142533,0.23755430151081364,1567457520069
9198,9198,462,Gyroscope,0.04433675909241382,0.48138157833175516,0.2511337062454788,1567457520071
9200,9200,462,Gyroscope,0.03547571493052844,0.48896819376651135,0.26185530281449526,1567457520073
9202,9202,462,Gyroscope,0.02364635317515581,0.49292485071112946,0.27333890913494835,1567457520075
9204,9204,462,Gyroscope,0.009737069855386481,0.4935474432465202,0.28569392487680956,1567457520077
9206,9206,462,Gyroscope,-0.003925663377725399,0.4893872647838588,0.29640677705564694,1567457520079
9208,9208,462,Gyroscope,-0.016210692641832017,0.4795726058409062,0.30608876691629366,1567457520081
9210,9210,462,Gyroscope,-0.028388586591886023,0.46650337298361,0.31737067957941273,1567457520083
9212,9212,462,Gyroscope,-0.0421201129370614,0.4530524838084188,0.32989079462325804,1567457520085
9214,9214,462,Gyroscope,-0.057268787157758544,0.4373694131402799,0.3418622915399927,1567457520087
9216,9216,462,Gyroscope,-0.0726689510533057,0.41449362400572914,0.35387554534566623,1567457520089
9218,9218,462,Gyroscope,-0.08741528797803226,0.3841875060156502,0.3661292266718044,1567457520091
9219,9219,462,Gyroscope,-0.10084445908781693,0.3516345741609225,0.3763570069299582,1567457520093
9222,9222,462,Gyroscope,-0.11338275345246648,0.31876806198591684,0.38472670826557076,1567457520095
9224,9224,462,Gyroscope,-0.12667868139655097,0.2827990239237591,0.3945396538378714,1567457520097
9225,9225,462,Gyroscope,-0.1409577203480365,0.24486435635495907,0.4056314366522036,1567457520099
9227,9227,462,Gyroscope,-0.15417531521218644,0.2103846736482204,0.41433958455002595,1567457520101
9229,9229,462,Gyroscope,-0.16482045585325883,0.17913413244036486,0.4201845307638782,1567457520103
9231,9231,462,Gyroscope,-0.1732679454070161,0.14470212385576234,0.42565623269731206,1567457520105
9234,9234,462,Gyroscope,-0.18034485874705525,0.10537998847620203,0.43099422330344905,1567457520108
9236,9236,462,Gyroscope,-0.1864316541570692,0.06537613234978477,0.43469081260795295,1567457520109
9238,9238,462,Gyroscope,-0.19134254970581177,0.02394448762667229,0.43663586335837945,1567457520111
9240,9240,462,Gyroscope,-0.19423366689738047,-0.024313733348274087,0.4370319848446348,1567457520113
9242,9242,462,Gyroscope,-0.19487279798084856,-0.07705087149869949,0.43492052561773065,1567457520115
9244,9244,462,Gyroscope,-0.1946282274703836,-0.12569071737953053,0.4299500765724268,1567457520117
9246,9246,462,Gyroscope,-0.19440724071587198,-0.17027468022730233,0.423308623432753,1567457520120
9247,9247,462,Gyroscope,-0.19324499482048085,-0.21996196998980608,0.415909940537299,1567457520121
9250,9250,462,Gyroscope,-0.19063628426271811,-0.27766545768380907,0.40722156106642726,1567457520123
9252,9252,462,Gyroscope,-0.18748420425066747,-0.335137647413631,0.39640985221391295,1567457520125
9254,9254,462,Gyroscope,-0.18386630673790794,-0.38429226939147576,0.3837578892538865,1567457520127
9255,9255,462,Gyroscope,-0.17875703056332076,-0.4238289394569992,0.37008582757269326,1567457520129
9257,9257,462,Gyroscope,-0.17131316674623143,-0.4552357320953242,0.35552879327361464,1567457520131
9259,9259,462,Gyroscope,-0.16061555219757265,-0.48098218124900394,0.34081139365275903,1567457520133
9262,9262,462,Gyroscope,-0.14631229403989462,-0.5044012640626974,0.3283092709437113,1567457520135
9264,9264,462,Gyroscope,-0.1301298008016616,-0.5254875513854096,0.3186797681378345,1567457520137
9266,9266,462,Gyroscope,-0.11421603649146063,-0.5407068403378218,0.3089153234239368,1567457520139
9268,9268,462,Gyroscope,-0.09809149989192503,-0.5494447989325901,0.2969763733189308,1567457520141
9270,9270,462,Gyroscope,-0.07923989859717273,-0.5558055941348352,0.28440362745833236,1567457520144
9272,9272,462,Gyroscope,-0.056406845925890826,-0.562744350220401,0.27190144613274647,1567457520145
9274,9274,462,Gyroscope,-0.030325032707736968,-0.5689052312069016,0.25699817363801136,1567457520147
9276,9276,462,Gyroscope,-0.0014863712523575856,-0.5729247948298661,0.23765287411684494,1567457520149
9277,9277,462,Gyroscope,0.029576300462264487,-0.5769412715351206,0.21462879955059883,1567457520151
9279,9279,462,Gyroscope,0.05990794558407984,-0.5834882457721475,0.18993330607265657,1567457520153
9281,9281,462,Gyroscope,0.08649746871339956,-0.5920390240198199,0.1648407637470685,1567457520155
9283,9283,462,Gyroscope,0.11120509681030585,-0.6009278705334549,0.13871132906927802,1567457520157
9285,9285,462,Gyroscope,0.13864358133736482,-0.6105552516884579,0.10966868119409062,1567457520159
9287,9287,462,Gyroscope,0.16872673093984622,-0.6226239502373038,0.0781585026172389,1567457520161
9289,9289,462,Gyroscope,0.19641176591351164,-0.6373246588271463,0.04727286759691694,1567457520163
9291,9291,462,Gyroscope,0.21989484924831904,-0.65345573025691,0.017469098007292953,1567457520166
9293,9293,462,Gyroscope,0.24251153410669946,-0.6704744539476142,-0.013304248444346963,1567457520167
9296,9296,462,Gyroscope,0.2643455289522053,-0.6876213820872723,-0.04319602523164824,1567457520169
9298,9298,462,Gyroscope,0.2798825019242015,-0.7022239819506837,-0.06784270268531503,1567457520171
9300,9300,462,Gyroscope,0.28715558973384414,-0.71231463611309,-0.08701178772269495,1567457520173
9302,9302,462,Gyroscope,0.2917431956529025,-0.7193499477991756,-0.10288723331646851,1567457520175
9304,9304,462,Gyroscope,0.29846598141857966,-0.7243041802291071,-0.11514006572014399,1567457520177
9305,9305,462,Gyroscope,0.3049240895729499,-0.7229822475754988,-0.12251118647439331,1567457520179
9307,9307,462,Gyroscope,0.30656344260181534,-0.7109102046881641,-0.12519088785046453,1567457520181
9309,9309,462,Gyroscope,0.3040358608160654,-0.690741369018873,-0.12354289644073431,1567457520183
9312,9312,462,Gyroscope,0.3009203467275436,-0.6664088274486786,-0.11796949874070381,1567457520185
9314,9314,462,Gyroscope,0.2965831006201697,-0.6332004046865098,-0.10947657554046208,1567457520187
9316,9316,462,Gyroscope,0.2877070244094203,-0.5856376417434427,-0.09788994037274798,1567457520189
9318,9318,462,Gyroscope,0.2759599790688494,-0.530998217075284,-0.08189878076077904,1567457520191
9320,9320,462,Gyroscope,0.26670290134663077,-0.4805567488365998,-0.061934724463349175,1567457520193
9322,9322,462,Gyroscope,0.2600785469989145,-0.43107888012663687,-0.03996112035149918,1567457520195
9324,9324,462,Gyroscope,0.2510735803648487,-0.3701049676788543,-0.01746491150100559,1567457520197
9326,9326,462,Gyroscope,0.23866168986737288,-0.29793852969772155,0.003095538686295946,1567457520200
9328,9328,462,Gyroscope,0.22660752238158408,-0.2285441233435565,0.017919683270603143,1567457520201
9329,9329,462,Gyroscope,0.21507782474124743,-0.16857888626278317,0.02622208025451543,1567457520203
9331,9331,462,Gyroscope,0.20079251994092967,-0.11371152660164138,0.031409533149674554,1567457520205
9333,9333,462,Gyroscope,0.18539460294508636,-0.06544753386681307,0.036253890615163445,1567457520207
9335,9335,462,Gyroscope,0.1737518827528342,-0.031121080212670404,0.04087466070550974,1567457520209
9338,9338,462,Gyroscope,0.16427049868191268,-0.008327991568126481,0.045471186924206715,1567457520212
9339,9339,462,Gyroscope,0.15047032349057124,0.012704289775875215,0.050803390847558555,1567457520213
9341,9341,462,Gyroscope,0.13193504540755194,0.03467556396650577,0.05640157983322137,1567457520215
9343,9343,462,Gyroscope,0.11501707578423723,0.05440312152350296,0.06135491897046515,1567457520217
9346,9346,462,Gyroscope,0.1028559461716997,0.07288152965224513,0.0659007499703521,1567457520219
9348,9348,462,Gyroscope,0.09248088479545896,0.09383070218414266,0.0703940130998478,1567457520221
9350,9350,462,Gyroscope,0.08154841764981832,0.1174218508646982,0.0740612646241948,1567457520223
9352,9352,462,Gyroscope,0.0717633710145059,0.1422795315408745,0.0757051388916172,1567457520225
9353,9353,462,Gyroscope,0.06577628906050903,0.16808671095073532,0.07466523657781,1567457520227
9355,9355,462,Gyroscope,0.06371600985864939,0.19249042088847407,0.07165940988416858,1567457520229
9358,9358,462,Gyroscope,0.06302902753868614,0.2117609208615391,0.06897716562458647,1567457520231
9360,9360,462,Gyroscope,0.06188264417466472,0.2263016115810943,0.06752347450608218,1567457520234
9362,9362,462,Gyroscope,0.061244414759178314,0.2396599227093921,0.06439710249708405,1567457520235
9364,9364,462,Gyroscope,0.06200163024701258,0.2515878100097405,0.056858014291282136,1567457520237
9365,9365,462,Gyroscope,0.06329689527136155,0.2578379289785918,0.04650221343873634,1567457520239
9368,9368,462,Gyroscope,0.06521312969478377,0.25734184830757467,0.036016056179486125,1567457520241
9370,9370,462,Gyroscope,0.06904646211146921,0.2535590738395403,0.025330375701255743,1567457520243
9372,9372,462,Gyroscope,0.07437334319082667,0.2481807954658392,0.013615230929004116,1567457520246
9374,9374,462,Gyroscope,0.0794589034700155,0.23946854803834974,0.001152510650694155,1567457520247
9375,9375,462,Gyroscope,0.08444400329146944,0.226285880617145,-0.012507298042366454,1567457520249
9377,9377,462,Gyroscope,0.09158857345703642,0.2090303279703315,-0.028866276446756624,1567457520251
9380,9380,462,Gyroscope,0.10230553828431355,0.1887381563612329,-0.047313344511852276,1567457520253
9382,9382,462,Gyroscope,0.11518644515556195,0.16717941734935277,-0.0644616492800734,1567457520255
9384,9384,462,Gyroscope,0.12739680155373123,0.14465150379722141,-0.07873384567154125,1567457520258
9386,9386,462,Gyroscope,0.13769939090751857,0.11923933537123316,-0.09226008179201053,1567457520259
9388,9388,462,Gyroscope,0.14715520352495837,0.0912341992713199,-0.1059119645954218,1567457520261
9390,9390,462,Gyroscope,0.15628000015773402,0.06406199704295215,-0.11733359810043313,1567457520263
9391,9391,462,Gyroscope,0.1630379413568193,0.038620866649683505,-0.12630531665873324,1567457520265
9393,9393,462,Gyroscope,0.16558258279669735,0.012270826990844409,-0.13633411739113332,1567457520268
9395,9395,462,Gyroscope,0.16533710746946947,-0.01457875147282461,-0.14867861949374694,1567457520269
9397,9397,462,Gyroscope,0.16445889772347283,-0.037127052186556195,-0.16009722111227456,1567457520271
9399,9399,462,Gyroscope,0.1620603463417269,-0.05352409635746033,-0.1682586328376197,1567457520273
9401,9401,462,Gyroscope,0.156349861454936,-0.0667494651751633,-0.17486360440827492,1567457520275
9403,9403,462,Gyroscope,0.14864790944616768,-0.0775948577381612,-0.18165150520804973,1567457520277
9405,9405,462,Gyroscope,0.14181027886045774,-0.08306759330248176,-0.18659821736860316,1567457520280
9408,9408,462,Gyroscope,0.1363052828440713,-0.08278657735134651,-0.18644418711830718,1567457520281
9410,9410,462,Gyroscope,0.13092219763833707,-0.08066582143923073,-0.18168247258098524,1567457520283
9412,9412,462,Gyroscope,0.12600042606015377,-0.07954400336214973,-0.1762628101783975,1567457520285
9414,9414,462,Gyroscope,0.1229544171096885,-0.07835051125760546,-0.1718806011935789,1567457520287
9416,9416,462,Gyroscope,0.12128665627332333,-0.07538910692657393,-0.16587482325518943,1567457520289
9418,9418,462,Gyroscope,0.11911447366945521,-0.07174920349758791,-0.15663464377377673,1567457520292
9420,9420,462,Gyroscope,0.11598795702701012,-0.0699088698086115,-0.14691283335105312,1567457520293
9422,9422,462,Gyroscope,0.11191367380795228,-0.07088372858762396,-0.1390621634585585,1567457520295
9424,9424,462,Gyroscope,0.10554062436157804,-0.07480503349031017,-0.1319395253008388,1567457520297
9426,9426,462,Gyroscope,0.0969079135938685,-0.08240077746999816,-0.1251228451262318,1567457520299
9428,9428,462,Gyroscope,0.088586421156688,-0.09369226980160555,-0.12077581697249032,1567457520302
9430,9430,462,Gyroscope,0.08113376955248743,-0.10683385982034158,-0.11943754561866612,1567457520304
9432,9432,462,Gyroscope,0.07173225808131432,-0.11973764645995527,-0.11901719699641748,1567457520305
9434,9434,462,Gyroscope,0.05868234034907144,-0.13163819623761133,-0.11861945042075032,1567457520307
9436,9436,462,Gyroscope,0.042712118693232146,-0.1428971687706017,-0.11877650150597335,1567457520309
9438,9438,462,Gyroscope,0.024540401846214244,-0.15440142006277374,-0.11847585100889402,1567457520311
9440,9440,462,Gyroscope,0.005302946453885357,-0.16638738316493173,-0.11648294656315235,1567457520314
9442,9442,462,Gyroscope,-0.01307031891485692,-0.17724630106975253,-0.11436922180858605,1567457520315
9443,9443,462,Gyroscope,-0.030623074957575287,-0.1847074752543003,-0.11395766259028957,1567457520317
9445,9445,462,Gyroscope,-0.048800337284531856,-0.18792381993690516,-0.11356101470860358,1567457520319
9447,9447,462,Gyroscope,-0.06664334983270917,-0.18733499070565462,-0.11075170924533548,1567457520321
9449,9449,462,Gyroscope,-0.08208000154462648,-0.1833500610956023,-0.10658523608566042,1567457520323
9451,9451,462,Gyroscope,-0.09615812644983263,-0.1756692177830423,-0.10330774784915564,1567457520326
9453,9453,462,Gyroscope,-0.11165939083336124,-0.16367692822284208,-0.10041904985069428,1567457520328
9455,9455,462,Gyroscope,-0.12841084866312658,-0.14794701582807163,-0.0962529654917027,1567457520329
9457,9457,462,Gyroscope,-0.14359789625779656,-0.13042235342765982,-0.09070611236390677,1567457520331
9459,9459,462,Gyroscope,-0.156152961840466,-0.11262953461329947,-0.0839966880288869,1567457520333
9461,9461,462,Gyroscope,-0.16753795893241596,-0.09578711931998526,-0.0755301787992505,1567457520335
9463,9463,462,Gyroscope,-0.17855693431896613,-0.08183163519799729,-0.06563290151296511,1567457520338
9465,9465,462,Gyroscope,-0.18855872051392977,-0.07132964491673564,-0.05606689643117917,1567457520339
9467,9467,462,Gyroscope,-0.19767458711145225,-0.06205945453813865,-0.0473342076377008,1567457520341
9469,9469,462,Gyroscope,-0.2073130666263194,-0.0520165204835691,-0.03699473346526906,1567457520343
9471,9471,462,Gyroscope,-0.21813791646572617,-0.04173977046565204,-0.0231599620792833,1567457520345
9473,9473,462,Gyroscope,-0.22934150365501282,-0.03232372349750308,-0.00884641298835398,1567457520347
9475,9475,462,Gyroscope,-0.240587407967223,-0.023456245694372005,0.0011776753748762464,1567457520350
9478,9478,462,Gyroscope,-0.2525413990631653,-0.015098526759385975,0.007130841278694613,1567457520351
9479,9479,462,Gyroscope,-0.2640111858279236,-0.009131933701980038,0.013052203266288545,1567457520353
9481,9481,462,Gyroscope,-0.2713665855929973,-0.006884035879255597,0.020531999638511794,1567457520355
9483,9483,462,Gyroscope,-0.273132538163663,-0.0064173949459681075,0.028307997113299472,1567457520357
9486,9486,462,Gyroscope,-0.27257082586323805,-0.004719820723402696,0.03592416153119496,1567457520360
9487,9487,462,Gyroscope,-0.27340359899818756,-0.0011811530211469086,0.043924871228610336,1567457520361
9489,9489,462,Gyroscope,-0.2749011209715691,0.0034131757650118252,0.052317512588625374,1567457520363
9491,9491,462,Gyroscope,-0.27317895051332847,0.009604195399041582,0.06096249194740609,1567457520365
9493,9493,462,Gyroscope,-0.26640623694206556,0.018468062654562356,0.06960755956921909,1567457520367
9495,9495,462,Gyroscope,-0.25678691513505747,0.02982209561139381,0.07683479394716689,1567457520369
9497,9497,462,Gyroscope,-0.24706771706110542,0.043010877032929135,0.08107626247515415,1567457520372
9500,9500,462,Gyroscope,-0.23720417190479182,0.05735245028121952,0.08295584915258049,1567457520373
9501,9501,462,Gyroscope,-0.22599140925308603,0.07128415148058573,0.08467381599496107,1567457520375
9503,9503,462,Gyroscope,-0.21371173264983206,0.08391594573515122,0.08703202902169244,1567457520377
9505,9505,462,Gyroscope,-0.20073710867793088,0.09728814109918661,0.0889861293121292,1567457520379
9507,9507,462,Gyroscope,-0.1858536355969269,0.11389335410464618,0.08986193805311932,1567457520382
9509,9509,462,Gyroscope,-0.16883708125461386,0.1321912225360008,0.09023525471338187,1567457520384
9511,9511,462,Gyroscope,-0.15197230263338501,0.14848374934971764,0.09142697573162424,1567457520385
9513,9513,462,Gyroscope,-0.13642138668296755,0.16317102585911789,0.09522065064994659,1567457520387
9515,9515,462,Gyroscope,-0.12067118781611355,0.17987905684713554,0.10244609918242281,1567457520389
9518,9518,462,Gyroscope,-0.10433598257234095,0.1982190626521717,0.11124661023152685,1567457520391
9520,9520,462,Gyroscope,-0.0890822005726197,0.21325047254639215,0.11863905233191586,1567457520394
9522,9522,462,Gyroscope,-0.07472696972554216,0.22215839968038728,0.12429966567497937,1567457520395
9524,9524,462,Gyroscope,-0.05899984875415242,0.22648675435775056,0.13105891523747512,1567457520397
9526,9526,462,Gyroscope,-0.04202246882546448,0.22801508374753765,0.14095707661130177,1567457520399
9528,9528,462,Gyroscope,-0.02669194433608464,0.22636705786420014,0.1529776992095944,1567457520401
9530,9530,462,Gyroscope,-0.01403019142268341,0.22112313624280042,0.16571462610446414,1567457520404
9532,9532,462,Gyroscope,-0.0025020635390431895,0.21320479803850928,0.17920067403988407,1567457520406
9534,9534,462,Gyroscope,0.008046403470392085,0.20268883130999188,0.1931112273662684,1567457520407
9536,9536,462,Gyroscope,0.015944117670799677,0.1879639033141743,0.20686774328010538,1567457520409
9538,9538,462,Gyroscope,0.02046337742186377,0.16918336830972217,0.2216682607186738,1567457520411
9540,9540,462,Gyroscope,0.02206076396693374,0.14979348368630882,0.23852289269847654,1567457520413
9542,9542,462,Gyroscope,0.021189054130110435,0.13232509724413233,0.2551940882883213,1567457520415
9544,9544,462,Gyroscope,0.018111167972407752,0.11538135858770525,0.26868637440260196,1567457520417
9545,9545,462,Gyroscope,0.012668002460962089,0.09697288004688065,0.27893848540346117,1567457520419
9548,9548,462,Gyroscope,0.004677615418263317,0.07839416304562036,0.2871476448294897,1567457520421
9550,9550,462,Gyroscope,-0.004942439983774309,0.06219369796552657,0.2928709376500307,1567457520424
9552,9552,462,Gyroscope,-0.014964624957971438,0.04779605954918272,0.2948699926912312,1567457520425
9554,9554,462,Gyroscope,-0.02532594576686025,0.032482688043414226,0.29306593514994767,1567457520427
9556,9556,462,Gyroscope,-0.036163327808954635,0.016299570581969028,0.28908949187685523,1567457520429
9558,9558,462,Gyroscope,-0.046552713902577834,0.0021609395312987864,0.28525700896178074,1567457520431
9560,9560,462,Gyroscope,-0.05557001424197053,-0.009057157072490215,0.2819587102258725,1567457520434
9562,9562,462,Gyroscope,-0.0634461155746427,-0.01946868799060612,0.27688550239772697,1567457520435
9564,9564,462,Gyroscope,-0.07057276959198053,-0.029389764380090555,0.26851256893122416,1567457520437
9566,9566,462,Gyroscope,-0.07585113541260165,-0.03513157396416783,0.25818716733490327,1567457520439
9568,9568,462,Gyroscope,-0.07724972464166689,-0.033282086391794675,0.246774498138842,1567457520441
9570,9570,462,Gyroscope,-0.07469063301139044,-0.024952280760661305,0.23260417789409307,1567457520444
9572,9572,462,Gyroscope,-0.07114400234583043,-0.01396258666382929,0.21505227801334817,1567457520445
9574,9574,462,Gyroscope,-0.0690057464877186,-0.001845745017795405,0.1960689201988941,1567457520447
9576,9576,462,Gyroscope,-0.06626572530164329,0.01404189137948604,0.1757599355636589,1567457520449
9578,9578,462,Gyroscope,-0.059013139350700294,0.0368085408039985,0.1510827067564214,1567457520451
9580,9580,462,Gyroscope,-0.047102385504195377,0.06454808586521882,0.1213982130237867,1567457520454
9581,9581,462,Gyroscope,-0.03363488758360407,0.0912727665247344,0.09026538332898368,1567457520455
9583,9583,462,Gyroscope,-0.019651594038611622,0.11399150333790364,0.060016758225585,1567457520457
9585,9585,462,Gyroscope,-0.0038043104864687012,0.13423129884232188,0.030561567049589934,1567457520459
9587,9587,462,Gyroscope,0.014061577135741162,0.15275299817370075,0.003401369814552759,1567457520462
9589,9589,462,Gyroscope,0.0331918995026592,0.1685385851489683,-0.02018895484243875,1567457520464
9591,9591,462,Gyroscope,0.053729427663866916,0.181319043393526,-0.042664112536795695,1567457520465
9593,9593,462,Gyroscope,0.07526841791050362,0.19059898265891834,-0.065368636702944,1567457520467
9595,9595,462,Gyroscope,0.09610843516138362,0.19515753675664155,-0.08459839683500807,1567457520469
9597,9597,462,Gyroscope,0.11582363248115989,0.19548773841071204,-0.09799583084399603,1567457520472
9600,9600,462,Gyroscope,0.1360648572671938,0.1936932675064166,-0.10962490737421221,1567457520474
9602,9602,462,Gyroscope,0.15736963261151704,0.1909747063896582,-0.12393733721946207,1567457520475
9603,9603,462,Gyroscope,0.17784049485001463,0.18683910181714117,-0.13979291834646276,1567457520477
9606,9606,462,Gyroscope,0.19625455869123892,0.1794388997188337,-0.15448476267382866,1567457520479
9608,9608,462,Gyroscope,0.2132315493754644,0.16667313605206846,-0.16852382600919194,1567457520482
9609,9609,462,Gyroscope,0.22855599226126255,0.1491214218011765,-0.18301538241351092,1567457520484
9611,9611,462,Gyroscope,0.24079139418550682,0.13044199549216876,-0.1970563576386305,1567457520485
9613,9613,462,Gyroscope,0.24937285236736445,0.11212115878851972,-0.20993193770704197,1567457520487
9616,9616,462,Gyroscope,0.2546715539058886,0.09101051598362178,-0.22191581148075604,1567457520489
9618,9618,462,Gyroscope,0.2571557589460481,0.06545889659421827,-0.2320242240261709,1567457520492
9620,9620,462,Gyroscope,0.25731735723449733,0.03872669593130157,-0.23834915152339195,1567457520494
9622,9622,462,Gyroscope,0.25525257766747467,0.012611074634001213,-0.24105038238457183,1567457520495
9624,9624,462,Gyroscope,0.2508136406779928,-0.015509409090685612,-0.24235087351315257,1567457520497
9626,9626,462,Gyroscope,0.24442052988599366,-0.046322720322114354,-0.24337808697945693,1567457520499
9628,9628,462,Gyroscope,0.23684074356645735,-0.0764803387340313,-0.24362275753257245,1567457520502
9630,9630,462,Gyroscope,0.2288043970404735,-0.10386985523628442,-0.24385023631841007,1567457520504
9632,9632,462,Gyroscope,0.22068567590284277,-0.12865671223164404,-0.24656399777348814,1567457520505
9634,9634,462,Gyroscope,0.21171665254720362,-0.14934729866626253,-0.2529756063045693,1567457520507
9636,9636,462,Gyroscope,0.20151969911742293,-0.16270474948022529,-0.2623587632319924,1567457520509
9637,9637,462,Gyroscope,0.19262383616057682,-0.16831920946195,-0.2739768648063027,1567457520511
9639,9639,462,Gyroscope,0.1877826100389558,-0.16985507399275462,-0.2869670309211696,1567457520514
9641,9641,462,Gyroscope,0.1854307697564317,-0.168863571144595,-0.3003939152736909,1567457520515
9644,9644,462,Gyroscope,0.1820052604421643,-0.16061191832302596,-0.31537367737245603,1567457520517
9646,9646,462,Gyroscope,0.17748248285360885,-0.1412425378502756,-0.33371314744705477,1567457520519
9648,9648,462,Gyroscope,0.17461045155358934,-0.11535275830678536,-0.353806689099444,1567457520522
9650,9650,462,Gyroscope,0.1735717225790202,-0.08978288238052445,-0.37205173384722556,1567457520524
9652,9652,462,Gyroscope,0.17055379651843694,-0.0635272651428565,-0.38838197458781776,1567457520525
9654,9654,462,Gyroscope,0.16217268313944222,-0.03138552965962343,-0.4062277531915573,1567457520527
9655,9655,462,Gyroscope,0.14976142718628996,0.005037038437682247,-0.4263439922571712,1567457520529
9657,9657,462,Gyroscope,0.13689641087032983,0.038581619335997464,-0.44521901645307327,1567457520531
9660,9660,462,Gyroscope,0.12307113540377726,0.06735781779831251,-0.46176124805357815,1567457520534
9662,9662,462,Gyroscope,0.10464391880282777,0.09473814214909845,-0.479936964500668,1567457520535
9664,9664,462,Gyroscope,0.08236901738989807,0.11956982056254101,-0.5013579934487934,1567457520537
9666,9666,462,Gyroscope,0.06109202315058346,0.13645583135448647,-0.521878122421547,1567457520539
9667,9667,462,Gyroscope,0.041502403438434754,0.1450748418151079,-0.5391460616722474,1567457520541
9670,9670,462,Gyroscope,0.01983305061501594,0.15038566894019095,-0.5564191019336302,1567457520544
9672,9672,462,Gyroscope,-0.004513143657349984,0.15371758868963709,-0.5754123068693275,1567457520545
9674,9674,462,Gyroscope,-0.02878810131950261,0.1504051478562922,-0.5922772423420544,1567457520547
9676,9676,462,Gyroscope,-0.05290464366325603,0.13732979983749505,-0.603754511881574,1567457520549
9678,9678,462,Gyroscope,-0.07863647810430477,0.11817964245178864,-0.6108382637315343,1567457520552
9679,9679,462,Gyroscope,-0.10652431957177427,0.09894143850230538,-0.6144038088240515,1567457520554
9681,9681,462,Gyroscope,-0.13860928434896658,0.08124810456035447,-0.6134375167056121,1567457520555
9683,9683,462,Gyroscope,-0.1769920618355774,0.06332943772268525,-0.6085747474784386,1567457520557
9685,9685,462,Gyroscope,-0.21706652834399282,0.04537852942867632,-0.6022783156526258,1567457520559
9687,9687,462,Gyroscope,-0.2516499533073541,0.030102006319338022,-0.5949077231454478,1567457520562
9690,9690,462,Gyroscope,-0.2816005764634574,0.018826943505039336,-0.5839694669720297,1567457520563
9692,9692,462,Gyroscope,-0.3129300343678784,0.010351222071300022,-0.5684538433565647,1567457520565
9693,9693,462,Gyroscope,-0.34563494036964615,0.0035812631102742102,-0.5516147033058012,1567457520567
9696,9696,462,Gyroscope,-0.3734997373152925,-0.0009748254748537349,-0.5361678745225935,1567457520569
9698,9698,462,Gyroscope,-0.39259454828388196,-0.0026599890189396634,-0.5189219532926549,1567457520572
9700,9700,462,Gyroscope,-0.4037014901344654,-0.002182850220398329,-0.4959752130256366,1567457520574
9701,9701,462,Gyroscope,-0.4081592631611346,-0.0013193672989343626,-0.47043801365390303,1567457520575
9704,9704,462,Gyroscope,-0.40601419260116023,-0.001312667451684749,-0.4476455327015678,1567457520577
9706,9706,462,Gyroscope,-0.39738170425806374,-0.0008786424212043741,-0.4257560892792964,1567457520579
9708,9708,462,Gyroscope,-0.3833492508737767,0.003278938134594378,-0.3987431472480547,1567457520582
9710,9710,462,Gyroscope,-0.36600072265416295,0.012599070400173187,-0.3668250693715991,1567457520584
9711,9711,462,Gyroscope,-0.34694836086563924,0.02588592624017671,-0.3362144217989512,1567457520585
9713,9713,462,Gyroscope,-0.3257605982891945,0.04298640141486655,-0.30849436868694624,1567457520587
9715,9715,462,Gyroscope,-0.3027737667920142,0.06497500748920736,-0.27882106467952134,1567457520589
9717,9717,462,Gyroscope,-0.281940051075512,0.09227452876142639,-0.24605630804345552,1567457520592
9719,9719,462,Gyroscope,-0.26562923057169685,0.12625804428223683,-0.2150995621101785,1567457520594
9721,9721,462,Gyroscope,-0.24929476321863042,0.16730684579637833,-0.1872700209396605,1567457520595
9723,9723,462,Gyroscope,-0.22781902135526994,0.20984189251302787,-0.15798026127539647,1567457520597
9726,9726,462,Gyroscope,-0.20416279673597715,0.24729768734932023,-0.12566310088262994,1567457520599
9728,9728,462,Gyroscope,-0.18469557369598155,0.28095638647794857,-0.09373161567776947,1567457520602
9730,9730,462,Gyroscope,-0.1689884708712917,0.31608944950264106,-0.06288325396730537,1567457520604
9732,9732,462,Gyroscope,-0.15232044129877653,0.3519967582249896,-0.030360869357001774,1567457520605
9734,9734,462,Gyroscope,-0.13546661605488192,0.38230236422587155,0.004807781759459657,1567457520607
9736,9736,462,Gyroscope,-0.12311038041783384,0.4028206136597343,0.04328553925321125,1567457520610
9738,9738,462,Gyroscope,-0.11513571012798447,0.41416548947273824,0.08647025536979946,1567457520612
9739,9739,462,Gyroscope,-0.10769804024802984,0.41813695127361034,0.13113199853952565,1567457520614
9741,9741,462,Gyroscope,-0.10035071013604294,0.4151052866087756,0.17148358038332015,1567457520615
9743,9743,462,Gyroscope,-0.0952180413854469,0.4039245795431373,0.20869126981905828,1567457520617
9745,9745,462,Gyroscope,-0.09132475529631642,0.3835478531540545,0.2490270513866013,1567457520619
9747,9747,462,Gyroscope,-0.08543481643291376,0.35596570156044205,0.29210982109247297,1567457520622
9749,9749,462,Gyroscope,-0.07656950030234679,0.3250524127291603,0.3303764423338905,1567457520624
9751,9751,462,Gyroscope,-0.06528845078740625,0.2913613167360223,0.36009804201549767,1567457520625
9753,9753,462,Gyroscope,-0.05143580290465258,0.253608701910255,0.383130072568607,1567457520627
9755,9755,462,Gyroscope,-0.036265776893415785,0.21582294888694953,0.39887844568546393,1567457520629
9757,9757,462,Gyroscope,-0.023256295879566916,0.18548455383659213,0.4044214089376625,1567457520632
9760,9760,462,Gyroscope,-0.01405210124149278,0.16323967444657816,0.3998771482942398,1567457520634
9761,9761,462,Gyroscope,-0.006126225325447269,0.14043108170294166,0.3860474653566309,1567457520635
9763,9763,462,Gyroscope,0.004190506743567412,0.10888453905913456,0.36251156155478625,1567457520637
9765,9765,462,Gyroscope,0.017207152380160136,0.06987654554357539,0.3332378831785316,1567457520639
9767,9767,462,Gyroscope,0.029097129599361955,0.030770152754488012,0.30658592548115937,1567457520642
9769,9769,462,Gyroscope,0.03678493873674728,-0.005548384058578846,0.28695993676017456,1567457520644
9772,9772,462,Gyroscope,0.04327805422170353,-0.04399266559896178,0.2729605244574662,1567457520645
9774,9774,462,Gyroscope,0.055271919621897106,-0.08947039464945579,0.2627611787310325,1567457520647
9775,9775,462,Gyroscope,0.07471587178576262,-0.1388874245107151,0.25569845389432233,1567457520649
9777,9777,462,Gyroscope,0.09627495991054288,-0.1834862542938903,0.25111289445176466,1567457520652
9779,9779,462,Gyroscope,0.11503075865162768,-0.21802804755383212,0.24863048882518335,1567457520654
9782,9782,462,Gyroscope,0.13299843620158147,-0.24462686616053325,0.24718758653296563,1567457520655
9784,9784,462,Gyroscope,0.1547702388385917,-0.2679055918648901,0.24448022404760594,1567457520657
9786,9786,462,Gyroscope,0.17952108825948654,-0.28966723299388186,0.23985652845628752,1567457520660
9788,9788,462,Gyroscope,0.20198646681654764,-0.30915279834902815,0.2350042228671821,1567457520662
9790,9790,462,Gyroscope,0.22003571221678586,-0.3263814815288811,0.2296655909084291,1567457520663
9792,9792,462,Gyroscope,0.23511461305516032,-0.3427537105392254,0.2204685771034112,1567457520665
9794,9794,462,Gyroscope,0.2457651664147601,-0.3585734776397662,0.20615502063959834,1567457520667
9796,9796,462,Gyroscope,0.248075809436835,-0.37323956408097425,0.19007080720869077,1567457520670
9798,9798,462,Gyroscope,0.24176819423486592,-0.38847311789497885,0.1749136829130938,1567457520672
9800,9800,462,Gyroscope,0.22955799878802446,-0.4075481617189265,0.15857526880625403,1567457520673
9802,9802,462,Gyroscope,0.21290144032476926,-0.43046532879285504,0.13860495317460786,1567457520675
9804,9804,462,Gyroscope,0.19249507219116585,-0.45413157748412547,0.11782471036215672,1567457520677
9806,9806,462,Gyroscope,0.1701738846329568,-0.477837428862665,0.10195686965410602,1567457520680
9808,9808,462,Gyroscope,0.14889576002230373,-0.5036769515741166,0.09466275032007805,1567457520682
9810,9810,462,Gyroscope,0.13214396355940738,-0.5320310041097698,0.09717272245137681,1567457520683
9812,9812,462,Gyroscope,0.12209539427461226,-0.5616364961207027,0.10921091215374057,1567457520685
9814,9814,462,Gyroscope,0.11802202078289498,-0.5925329374261633,0.12977885718226043,1567457520687
9815,9815,462,Gyroscope,0.11774468402970585,-0.6243647382127888,0.15904121628120602,1567457520690
9817,9817,462,Gyroscope,0.12020031174091017,-0.6523283379872511,0.1967368418345094,1567457520692
9819,9819,462,Gyroscope,0.12645582323620286,-0.6679878112918001,0.23901642056831146,1567457520694
9822,9822,462,Gyroscope,0.13835821174447197,-0.6667191106394852,0.28111268900896746,1567457520695
9824,9824,462,Gyroscope,0.1551253693856315,-0.6530825582697012,0.3207618617381218,1567457520697
9826,9826,462,Gyroscope,0.17239644936842216,-0.6335170522552949,0.35720718729892115,1567457520700
9828,9828,462,Gyroscope,0.1861667321269329,-0.605335554928597,0.3909583397848636,1567457520702
9830,9830,462,Gyroscope,0.19533001190968263,-0.5614726413741339,0.4224104209245089,1567457520703
9832,9832,462,Gyroscope,0.19981411436805535,-0.503716985093002,0.44746141885776636,1567457520705
9834,9834,462,Gyroscope,0.19902869970301876,-0.4393432963598711,0.45976575175967865,1567457520707
9836,9836,462,Gyroscope,0.19135464720239861,-0.3654739212854222,0.45794384073171657,1567457520710
9838,9838,462,Gyroscope,0.1744795480263837,-0.2712401143176017,0.44513047906276787,1567457520712
9840,9840,462,Gyroscope,0.14923339926095935,-0.15860960278017405,0.4235803824858273,1567457520713
9842,9842,462,Gyroscope,0.12081732916255422,-0.04527855296997427,0.3939931210401704,1567457520715
9844,9844,462,Gyroscope,0.09252196275007292,0.056803085757540034,0.3587999671069704,1567457520717
9846,9846,462,Gyroscope,0.06372367619073913,0.14608206419555217,0.32501128722050554,1567457520720
9848,9848,462,Gyroscope,0.036511293356661284,0.21441222218362888,0.30251360598260985,1567457520722
9850,9850,462,Gyroscope,0.016117837827181753,0.24906063389072597,0.29665060952443645,1567457520723
9852,9852,462,Gyroscope,0.0033440936058984384,0.24950459820422483,0.3035643016412739,1567457520725
9854,9854,462,Gyroscope,-0.006386901970732395,0.2254374294391055,0.31474995784430393,1567457520727
9856,9856,462,Gyroscope,-0.016881565860774876,0.1868225249904502,0.3243009443476759,1567457520730
9858,9858,462,Gyroscope,-0.02891718793358167,0.1439493869635425,0.33163375060989214,1567457520732
9860,9860,462,Gyroscope,-0.042430849038872426,0.10479848818736451,0.3396329423730702,1567457520733
9861,9861,462,Gyroscope,-0.05755089516730329,0.07008367094324207,0.3503966407611725,1567457520735
9864,9864,462,Gyroscope,-0.07476757792011979,0.0402166308568629,0.3625894408834212,1567457520737
9866,9866,462,Gyroscope,-0.09548463548379835,0.0238245335892563,0.372730416629824,1567457520740
9867,9867,462,Gyroscope,-0.12034625459278847,0.031412990712711406,0.3769983294741339,1567457520742
9870,9870,462,Gyroscope,-0.14709737011687118,0.06337931559123008,0.3722279281970998,1567457520744
9872,9872,462,Gyroscope,-0.17294442546816197,0.11182355610856183,0.3572884280254421,1567457520745
9874,9874,462,Gyroscope,-0.19748017158441455,0.17522931149218335,0.33173372320969774,1567457520747
9876,9876,462,Gyroscope,-0.22030256913729615,0.26105538066464135,0.2941680246550939,1567457520750
9878,9878,462,Gyroscope,-0.23805692108135057,0.3657956146792873,0.2478232782584817,1567457520752
9880,9880,462,Gyroscope,-0.24597831048668883,0.464438844902709,0.20455435179432466,1567457520753
9881,9881,462,Gyroscope,-0.2410036429333916,0.5316534473882499,0.17552164019246727,1567457520755
9883,9883,462,Gyroscope,-0.22371622121374574,0.5625583687161444,0.1620388109188638,1567457520757
9885,9885,462,Gyroscope,-0.1981879031374778,0.565788463102046,0.15996653858296578,1567457520760
9887,9887,462,Gyroscope,-0.16824909867942744,0.5491221817852736,0.1657304181495089,1567457520762
9889,9889,462,Gyroscope,-0.13376957025050412,0.5159658003041415,0.17562439998409515,1567457520764
9892,9892,462,Gyroscope,-0.09330739860580609,0.4683911020877005,0.18610374314627987,1567457520765
9893,9893,462,Gyroscope,-0.049765285965770865,0.4134998952415813,0.19524582158952195,1567457520767
9895,9895,462,Gyroscope,-0.009076938865990142,0.3642722313446411,0.20087990147636248,1567457520769
9898,9898,462,Gyroscope,0.025557353590999973,0.3281630862779622,0.2004166777725615,1567457520772
9900,9900,462,Gyroscope,0.05278494694288218,0.3017907775785081,0.1940837970277698,1567457520774
9902,9902,462,Gyroscope,0.06956321785756381,0.28216002947239455,0.18471348704541324,1567457520775
9904,9904,462,Gyroscope,0.07414356652422484,0.27310942060489973,0.17390972647120898,1567457520777
9906,9906,462,Gyroscope,0.06807272241561535,0.2772628624399587,0.160795834461035,1567457520779
9908,9908,462,Gyroscope,0.05243602580088917,0.29070469809274035,0.1445600508141187,1567457520782
9910,9910,462,Gyroscope,0.027360520101945167,0.3073287100310585,0.12730589962756314,1567457520784
9911,9911,462,Gyroscope,-0.006027713888647262,0.32361989246487044,0.11300467197256009,1567457520786
9913,9913,462,Gyroscope,-0.04642214233900087,0.339380696769483,0.10283785292123068,1567457520787
9915,9915,462,Gyroscope,-0.09023193398287446,0.35478347357820056,0.09440204015182717,1567457520789
9918,9918,462,Gyroscope,-0.1297367134895616,0.36603107797067236,0.08697162578378348,1567457520792
9920,9920,462,Gyroscope,-0.1597551533187627,0.366380580207966,0.08368326019079053,1567457520794
9922,9922,462,Gyroscope,-0.1814791741146746,0.35287105370881927,0.08658431278058026,1567457520795
9924,9924,462,Gyroscope,-0.1957452741577503,0.3286932594302337,0.09286257944034296,1567457520797
9926,9926,462,Gyroscope,-0.19959439505051296,0.2976742822522023,0.09803737907899956,1567457520799
9928,9928,462,Gyroscope,-0.1910930084513407,0.25929951360108405,0.10063559743171527,1567457520802
9930,9930,462,Gyroscope,-0.1727274734514145,0.21150532161913266,0.10160312425833552,1567457520804
9932,9932,462,Gyroscope,-0.15039311812513226,0.1580284566213304,0.10026301918766078,1567457520806
9934,9934,462,Gyroscope,-0.12966723272941713,0.10854787936568194,0.09288132798425451,1567457520807
9936,9936,462,Gyroscope,-0.11237848298967855,0.06907783994128273,0.07582503027275417,1567457520809
9938,9938,462,Gyroscope,-0.09860809950086732,0.03786033651900765,0.04984921167523064,1567457520812
9940,9940,462,Gyroscope,-0.09012412405355899,0.012369075824696239,0.020249110401931225,1567457520814
9942,9942,462,Gyroscope,-0.0884885999630687,-0.006692765071611359,-0.007665712963614658,1567457520816
9944,9944,462,Gyroscope,-0.09300919941377941,-0.01837950252597751,-0.03207383129844104,1567457520817
9946,9946,462,Gyroscope,-0.10239918873186968,-0.02249639595981067,-0.053801454924904984,1567457520819
9948,9948,462,Gyroscope,-0.11462862575762052,-0.018600172815898687,-0.0738893640454878,1567457520821
9950,9950,462,Gyroscope,-0.1258163970108817,-0.006628058610015332,-0.0924113501507528,1567457520824
9952,9952,462,Gyroscope,-0.13313081588264072,0.0125872873606115,-0.10866326327494139,1567457520826
9954,9954,462,Gyroscope,-0.13634810829129962,0.03649544673999573,-0.12149328593533376,1567457520828
9956,9956,462,Gyroscope,-0.1331895091417806,0.05961747447773365,-0.12921161361631914,1567457520829
9958,9958,462,Gyroscope,-0.117207063102721,0.07554096644308786,-0.13012511963242462,1567457520831
9960,9960,462,Gyroscope,-0.08482164511683006,0.08033008358923124,-0.12392207487899132,1567457520834
9962,9962,462,Gyroscope,-0.04105658517495135,0.0732851900827341,-0.11239332742112472,1567457520836
9964,9964,462,Gyroscope,0.006253333137014632,0.057191046905258947,-0.0983305646444313,1567457520838
9966,9966,462,Gyroscope,0.055113331223149147,0.038185447540575124,-0.08337045203517482,1567457520839
9968,9968,462,Gyroscope,0.10727579121352115,0.021913439678870945,-0.06778278875955897,1567457520841
9970,9970,462,Gyroscope,0.15945256252744316,0.009784298088781476,-0.05299254442624924,1567457520844
9972,9972,462,Gyroscope,0.20380056734050295,-0.00010329505975629214,-0.04166369254698117,1567457520846
9974,9974,462,Gyroscope,0.23755126506023475,-0.01080159579384132,-0.03373472177032703,1567457520848
9976,9976,462,Gyroscope,0.2637103430166734,-0.024786250530248376,-0.026519901842629978,1567457520850
9977,9977,462,Gyroscope,0.2821668342953888,-0.041386919069553114,-0.02011624347775248,1567457520851
9979,9979,462,Gyroscope,0.2895287345663585,-0.05821153547720467,-0.016954863924580253,1567457520853
9981,9981,462,Gyroscope,0.28596984576267676,-0.07754029434625033,-0.01562382408392216,1567457520855
9984,9984,462,Gyroscope,0.27432811012391783,-0.10619778180273201,-0.012067715733854338,1567457520858
9986,9986,462,Gyroscope,0.25612719815539925,-0.14560436564556478,-0.006697017831517544,1567457520860
9988,9988,462,Gyroscope,0.23237032750891268,-0.18771524597855704,-0.003866216800260761,1567457520862
9989,9989,462,Gyroscope,0.2041699804992297,-0.22364635957390133,-0.004931451937052113,1567457520864
9991,9991,462,Gyroscope,0.1735584709689267,-0.25090565362765427,-0.006941352328505021,1567457520866
9993,9993,462,Gyroscope,0.14608210907975477,-0.2723373487326954,-0.007115157724599069,1567457520867
9995,9995,462,Gyroscope,0.12773453292618445,-0.2927149573566577,-0.004406319446561963,1567457520869
9997,9997,462,Gyroscope,0.11889727249490911,-0.31384164450470886,0.002014808630674948,1567457520872
9999,9999,462,Gyroscope,0.11633826734761346,-0.3317226789173714,0.011962772339951924,1567457520874
10001,10001,462,Gyroscope,0.1187848433369067,-0.3420418469009272,0.022728066025246078,1567457520876
10004,10004,462,Gyroscope,0.12591935814270222,-0.34425859001955095,0.03084894408915423,1567457520877
10006,10006,462,Gyroscope,0.13469899288498222,-0.33715351898401846,0.03467266046472727,1567457520879
10008,10008,462,Gyroscope,0.1404320160694439,-0.31915903410754376,0.034221156568471744,1567457520882
10010,10010,462,Gyroscope,0.14018000826448254,-0.2956523417724821,0.02953910539654685,1567457520884
10012,10012,462,Gyroscope,0.13286359225914368,-0.2762251889084869,0.01994105016081994,1567457520885
10014,10014,462,Gyroscope,0.11727546042988016,-0.26348025771554373,0.004870412994240941,1567457520888
10016,10016,462,Gyroscope,0.09305011795146317,-0.25186410791815217,-0.015188212353940396,1567457520890
10018,10018,462,Gyroscope,0.06297007010528058,-0.23593298548705738,-0.03962711335950228,1567457520891
10020,10020,462,Gyroscope,0.030062054952317466,-0.21310046717360237,-0.06880885645028642,1567457520893
10021,10021,462,Gyroscope,-0.0069475455807214365,-0.18117344254404005,-0.10273918967444579,1567457520896
10023,10023,462,Gyroscope,-0.04943842990713991,-0.14073265543102464,-0.13935310864853764,1567457520898
10026,10026,462,Gyroscope,-0.09153808463912022,-0.0980936050335688,-0.1753074798862967,1567457520899
10028,10028,462,Gyroscope,-0.12386450011067798,-0.06041380481613508,-0.20650068177150693,1567457520902
10030,10030,462,Gyroscope,-0.14266649315976232,-0.03117336916783538,-0.2268932732720838,1567457520904
10032,10032,462,Gyroscope,-0.1498626821342405,-0.012890187452346293,-0.23153779897443272,1567457520906
10034,10034,462,Gyroscope,-0.14705696028081516,-0.007591204171711545,-0.22180478209507504,1567457520908
10036,10036,462,Gyroscope,-0.13360068776676612,-0.012901786015098579,-0.20162488650036037,1567457520909
10038,10038,462,Gyroscope,-0.10979748516032359,-0.02332876811387306,-0.17103870917654562,1567457520912
10040,10040,462,Gyroscope,-0.08006080583055122,-0.03391584063603188,-0.1323320925526834,1567457520914
10041,10041,462,Gyroscope,-0.04983737998860946,-0.03871181496249449,-0.09709775699722242,1567457520916
10043,10043,462,Gyroscope,-0.020054906950329552,-0.0317663924387673,-0.07595308109901042,1567457520917
10046,10046,462,Gyroscope,0.009747824446757335,-0.013226362707711065,-0.06745076780818786,1567457520920
10048,10048,462,Gyroscope,0.035357224733141915,0.014765646277456402,-0.06787341223754623,1567457520922
10050,10050,462,Gyroscope,0.05217736544451507,0.05875360246586888,-0.08356992301905034,1567457520923
10052,10052,462,Gyroscope,0.060882025342692575,0.1264959196145977,-0.12132545026396721,1567457520926
10054,10054,462,Gyroscope,0.0632368967393807,0.20974944468232593,-0.17410471887506349,1567457520928
10056,10056,462,Gyroscope,0.059014390921941065,0.2883355445704831,-0.2279509138239218,1567457520929
10058,10058,462,Gyroscope,0.04999716764787705,0.34781176698197314,-0.2766865528841793,1567457520931
10060,10060,462,Gyroscope,0.040032448858362615,0.38406079065203325,-0.3204998387485148,1567457520934
10062,10062,462,Gyroscope,0.030513908300274412,0.39665230461134016,-0.35558960677833035,1567457520936
10064,10064,462,Gyroscope,0.021849829530170804,0.38304177096598263,-0.37393239034712744,1567457520937
10066,10066,462,Gyroscope,0.018223792850175828,0.3384986423789826,-0.37172901460959507,1567457520940
10067,10067,462,Gyroscope,0.024933202584833586,0.2649091372855637,-0.3525885396368775,1567457520942
10070,10070,462,Gyroscope,0.04127537995109445,0.17696835255242693,-0.32290907971399674,1567457520944
10072,10072,462,Gyroscope,0.06074022471886917,0.09135902111741243,-0.2877569646135283,1567457520945
10074,10074,462,Gyroscope,0.07900280958331103,0.012542826888503817,-0.24988577586435745,1567457520948
10076,10076,462,Gyroscope,0.09775172092957282,-0.0634632327478819,-0.21005630956040144,1567457520950
10078,10078,462,Gyroscope,0.11889963920818139,-0.1338935767235087,-0.17074548592579608,1567457520951
10080,10080,462,Gyroscope,0.13971712586247353,-0.1846921756259973,-0.1401090921056476,1567457520954
10082,10082,462,Gyroscope,0.15666138685848163,-0.20176539458444595,-0.12758741368908144,1567457520956
10084,10084,462,Gyroscope,0.16927431911731053,-0.18156495364348585,-0.13557883095808293,1567457520958
10086,10086,462,Gyroscope,0.17786924987438463,-0.12961350396698704,-0.15970808820026935,1567457520959
10088,10088,462,Gyroscope,0.1811852801547658,-0.05577218734804666,-0.19624045036397803,1567457520962
10090,10090,462,Gyroscope,0.17704179287521804,0.02682810782253068,-0.24535773903949581,1567457520964
10092,10092,462,Gyroscope,0.1639373164806996,0.10449440206513727,-0.30574192575045367,1567457520965
10094,10094,462,Gyroscope,0.14352938523000602,0.16478993954541746,-0.36690726693642184,1567457520968
10096,10096,462,Gyroscope,0.1208171553777512,0.19332428925690837,-0.41246051330266853,1567457520970
10098,10098,462,Gyroscope,0.09992329330866073,0.17834968342481902,-0.43473731902778856,1567457520972
10100,10100,462,Gyroscope,0.08168038281598464,0.12405423464405313,-0.43879008123424423,1567457520973
10102,10102,462,Gyroscope,0.06543861385060368,0.04723533637422399,-0.4275361744256676,1567457520976
10104,10104,462,Gyroscope,0.0504451557106068,-0.04093185944879938,-0.39488627340236016,1567457520978
10106,10106,462,Gyroscope,0.037225910883207536,-0.13478219149098847,-0.3408034509453852,1567457520980
10108,10108,462,Gyroscope,0.029334892626920184,-0.22128390966970127,-0.28042454068499045,1567457520981
10110,10110,462,Gyroscope,0.030485355816014484,-0.2855989802791145,-0.2286648516311758,1567457520984
10112,10112,462,Gyroscope,0.04001833307974807,-0.32275171416481424,-0.18507912590649517,1567457520986
10114,10114,462,Gyroscope,0.05455733008522082,-0.3333780379068267,-0.14199642177369043,1567457520987
10116,10116,462,Gyroscope,0.07287594254984832,-0.3174865255193533,-0.1007924480055539,1567457520989
10118,10118,462,Gyroscope,0.09718581391154335,-0.27438189205290087,-0.07210266471817935,1567457520992
10120,10120,462,Gyroscope,0.1299044715379128,-0.20279966731356708,-0.0624405703775851,1567457520994
10122,10122,462,Gyroscope,0.1676002292361909,-0.10757831362581108,-0.0687358834304566,1567457520996
10123,10123,462,Gyroscope,0.19959137236515323,-0.006066549119219621,-0.08669807031766263,1567457520998
10125,10125,462,Gyroscope,0.2172965519604686,0.08093194915573315,-0.11433414919116971,1567457520999
10127,10127,462,Gyroscope,0.2224144498020572,0.13939146807046843,-0.14461185251918485,1567457521001
10129,10129,462,Gyroscope,0.22144325174213228,0.16178250585742962,-0.1670168570573593,1567457521003
10131,10131,462,Gyroscope,0.2163811869393717,0.1480745492484077,-0.17863426147061062,1567457521006
10134,10134,462,Gyroscope,0.20391381451282903,0.10387649312342975,-0.18110257978276234,1567457521008
10135,10135,462,Gyroscope,0.18056666922178424,0.03178703582930592,-0.16922248368807813,1567457521010
10137,10137,462,Gyroscope,0.1485669951947248,-0.0650122512326922,-0.1369861457785937,1567457521012
10139,10139,462,Gyroscope,0.11695848174543666,-0.1738962024772509,-0.0900374575718342,1567457521013
10141,10141,462,Gyroscope,0.09387395683317727,-0.2804387561001828,-0.03989630941730239,1567457521015
10143,10143,462,Gyroscope,0.07970597916156706,-0.3743318700826104,0.008392681133368565,1567457521018
10145,10145,462,Gyroscope,0.07120704999048058,-0.44249617322978696,0.0547958850090952,1567457521020
10147,10147,462,Gyroscope,0.06780680002575429,-0.4738052729595371,0.09616560140113208,1567457521022
10149,10149,462,Gyroscope,0.07050799664768455,-0.46925404349692856,0.12571920536526907,1567457521024
10151,10151,462,Gyroscope,0.07822333596076314,-0.4344335206568077,0.13887922420377344,1567457521025
10153,10153,462,Gyroscope,0.08676840703048724,-0.37094666141146804,0.1362051380348191,1567457521027
10155,10155,462,Gyroscope,0.08930455986469138,-0.28053927844499355,0.12011362812070521,1567457521030
10158,10158,462,Gyroscope,0.07870741848165941,-0.16909920519558885,0.09180237007398492,1567457521032
10160,10160,462,Gyroscope,0.052511549966240495,-0.04985078706628013,0.054191636791178964,1567457521034
10162,10162,462,Gyroscope,0.014880141430941827,0.056602160422141376,0.015171088734230592,1567457521036
10164,10164,462,Gyroscope,-0.029704073756702976,0.13455697399530264,-0.01660884971983663,1567457521038
10165,10165,462,Gyroscope,-0.08421427012815132,0.18048894244836278,-0.03866813754189343,1567457521039
10168,10168,462,Gyroscope,-0.15464065645240946,0.19491958901910317,-0.05494270652249423,1567457521041
10169,10169,462,Gyroscope,-0.2363826607719826,0.17730628984822353,-0.0682407800335552,1567457521044
10171,10171,462,Gyroscope,-0.31355758474096707,0.12430883857699754,-0.07226126017194966,1567457521046
10173,10173,462,Gyroscope,-0.3742085630970993,0.028505943786771723,-0.05483833283075179,1567457521048
10175,10175,462,Gyroscope,-0.416568650642135,-0.10535087917562558,-0.012977283402041111,1567457521050
10177,10177,462,Gyroscope,-0.4411701498331283,-0.24630935741130994,0.04052638329668171,1567457521052
10179,10179,462,Gyroscope,-0.44701603255308037,-0.3602824669714706,0.09004449800574803,1567457521053
10181,10181,462,Gyroscope,-0.43248757796471116,-0.4381999445503748,0.1304161836548636,1567457521055
10184,10184,462,Gyroscope,-0.39603599409785195,-0.4868600124500171,0.16364858536716587,1567457521058
10185,10185,462,Gyroscope,-0.34155501089117263,-0.5065824115836846,0.18868022596881018,1567457521060
10187,10187,462,Gyroscope,-0.278399197603183,-0.48897448654748266,0.19925873920713189,1567457521062
10189,10189,462,Gyroscope,-0.211011241454034,-0.4302339324333804,0.19118607438212598,1567457521064
10191,10191,462,Gyroscope,-0.13931284806091876,-0.34125814196147053,0.16813985199165674,1567457521066
10193,10193,462,Gyroscope,-0.06823884469319738,-0.23763449617415822,0.1362654972666339,1567457521067
10195,10195,462,Gyroscope,-0.0025747937663907015,-0.1220334389682178,0.09616021616892341,1567457521069
10197,10197,462,Gyroscope,0.06075842404203735,0.005617580370601897,0.04750366053139571,1567457521072
10199,10199,462,Gyroscope,0.12332103045184821,0.12707957819517685,-0.002372596127214464,1567457521074
10201,10201,462,Gyroscope,0.17887709240444927,0.21892521882084298,-0.04300341132986813,1567457521076
10203,10203,462,Gyroscope,0.2246914609544725,0.27586481636028765,-0.07000483392652368,1567457521078
10205,10205,462,Gyroscope,0.26802793269483494,0.3029823130214647,-0.08477559764460653,1567457521080
10208,10208,462,Gyroscope,0.3139192519868144,0.3007645461337884,-0.09035430539339168,1567457521081
10209,10209,462,Gyroscope,0.3544315753627081,0.26755944322798403,-0.09008684620062063,1567457521084
10211,10211,462,Gyroscope,0.3782602656730809,0.2041520756772724,-0.08587461750467365,1567457521086
10213,10213,462,Gyroscope,0.3857230444963339,0.11629874777274495,-0.07741832877956917,1567457521088
10215,10215,462,Gyroscope,0.3861107291345063,0.018117276379496023,-0.06538378062452031,1567457521090
10217,10217,462,Gyroscope,0.3841801845189913,-0.07582297292319817,-0.05240987093992455,1567457521092
10219,10219,462,Gyroscope,0.3764435604080614,-0.16378941899245508,-0.0391001516617559,1567457521094
10222,10222,462,Gyroscope,0.3593979748100168,-0.2524787455098999,-0.02342410442529568,1567457521095
10223,10223,462,Gyroscope,0.33615555397290847,-0.33908714814533436,-0.005322732472986057,1567457521098
10225,10225,462,Gyroscope,0.312113096267324,-0.40843258747465583,0.013732800860447413,1567457521100
10227,10227,462,Gyroscope,0.287345627035555,-0.45066908145644813,0.0356353658567556,1567457521102
10229,10229,462,Gyroscope,0.2593608778112759,-0.4704818649473812,0.0632755745079203,1567457521104
10232,10232,462,Gyroscope,0.23032790596586006,-0.47370479051721526,0.09466376429227444,1567457521106
10233,10233,462,Gyroscope,0.20393426513305107,-0.45746588299767676,0.1254303851180907,1567457521108
10235,10235,462,Gyroscope,0.17834567677088844,-0.4206277813072923,0.15440807292159073,1567457521110
10237,10237,462,Gyroscope,0.14982955063858755,-0.3730289674254806,0.18261584416571477,1567457521112
10239,10239,462,Gyroscope,0.12079759580649177,-0.32623901001198985,0.2095413130196056,1567457521114
10241,10241,462,Gyroscope,0.09729196815019478,-0.28127105938928587,0.23300527785411607,1567457521116
10243,10243,462,Gyroscope,0.07996456874247557,-0.23302664993511407,0.25170807553836005,1567457521118
10245,10245,462,Gyroscope,0.06471814080908063,-0.18428053251129084,0.26606861373864177,1567457521120
10247,10247,462,Gyroscope,0.051096223780503734,-0.1456745944296645,0.27551763511801797,1567457521121
10250,10250,462,Gyroscope,0.04181603557377807,-0.1207954242945958,0.2769871119521353,1567457521124
10252,10252,462,Gyroscope,0.03544308456977826,-0.10287466494426595,0.2689114847402321,1567457521126
10253,10253,462,Gyroscope,0.028065936989251597,-0.08855790218524542,0.2551768372514906,1567457521128
10255,10255,462,Gyroscope,0.020116985669331375,-0.08116706719701791,0.24123285056582117,1567457521130
10257,10257,462,Gyroscope,0.013618439055314228,-0.07815518814568849,0.2266699944219105,1567457521132
10260,10260,462,Gyroscope,0.0057600434458507195,-0.06993170880884181,0.20620057106528628,1567457521133
10261,10261,462,Gyroscope,-0.007324560480419435,-0.052894907359003665,0.17855418938934292,1567457521136
10263,10263,462,Gyroscope,-0.023649227128122147,-0.030503407740292546,0.14836966573385185,1567457521138
10265,10265,462,Gyroscope,-0.038435700596522536,-0.0022965429635135306,0.11813678940292359,1567457521140
10267,10267,462,Gyroscope,-0.05075843754122641,0.03497050077283733,0.08638046597321791,1567457521142
10269,10269,462,Gyroscope,-0.06260849584970807,0.07764050437423253,0.05516710195432873,1567457521144
10271,10271,462,Gyroscope,-0.07454565585995565,0.11901145473349789,0.030002981348415208,1567457521145
10273,10273,462,Gyroscope,-0.08557605238258637,0.16010817397867308,0.011129743523944476,1567457521148
10275,10275,462,Gyroscope,-0.09498803940708406,0.20599680158219374,-0.006221711268345749,1567457521150
10277,10277,462,Gyroscope,-0.10221979686966304,0.25374110226616137,-0.022901577715321135,1567457521152
10280,10280,462,Gyroscope,-0.10674549465551461,0.294057783118933,-0.03544856092542002,1567457521154
10282,10282,462,Gyroscope,-0.10898489211899165,0.3239687913196733,-0.0438574810271057,1567457521156
10284,10284,462,Gyroscope,-0.10893363363093164,0.3480294889763666,-0.05216537354672449,1567457521158
10285,10285,462,Gyroscope,-0.10409823994922682,0.3684255386792375,-0.0626626516689551,1567457521160
10287,10287,462,Gyroscope,-0.09242504268865759,0.38352916147572014,-0.07533968401795223,1567457521162
10289,10289,462,Gyroscope,-0.0763863579335972,0.3933890837178339,-0.09020439707211808,1567457521164
10291,10291,462,Gyroscope,-0.06018064641703941,0.3985678035181367,-0.1061308354378509,1567457521166
10293,10293,462,Gyroscope,-0.04506553901389823,0.397667795028789,-0.12067478750818506,1567457521168
10295,10295,462,Gyroscope,-0.03129626595376806,0.39205459494714623,-0.132501085583106,1567457521170
10297,10297,462,Gyroscope,-0.021083150196635047,0.38860682744425434,-0.14138268748078528,1567457521172
10299,10299,462,Gyroscope,-0.015828411759934317,0.39141724442492587,-0.1470361171832403,1567457521174
10301,10301,462,Gyroscope,-0.013266154218416867,0.3926267883908511,-0.15029140761774357,1567457521176
10303,10303,462,Gyroscope,-0.00933660681855685,0.37812360891779717,-0.1533458730325389,1567457521178
10305,10305,462,Gyroscope,-0.0014963199883893023,0.34337003395387045,-0.15740384924325215,1567457521180
10307,10307,462,Gyroscope,0.009777535569673946,0.2980943050007236,-0.16203061948876452,1567457521182
10309,10309,462,Gyroscope,0.02185230722392209,0.25339037167759676,-0.1663525742189399,1567457521184
10311,10311,462,Gyroscope,0.03192036733688939,0.20892135332459577,-0.16810402723322507,1567457521186
10313,10313,462,Gyroscope,0.03816812097762963,0.15737772937125993,-0.1638287379279635,1567457521188
10315,10315,462,Gyroscope,0.039767296259836354,0.10022475104892044,-0.1540720743208382,1567457521190
10318,10318,462,Gyroscope,0.035851932531721246,0.05134095106521524,-0.14491167922303894,1567457521192
10319,10319,462,Gyroscope,0.025194632319402853,0.02124830085680015,-0.14028136286536688,1567457521194
10321,10321,462,Gyroscope,0.00877030066420684,0.006266031584081389,-0.1374503377464164,1567457521196
10323,10323,462,Gyroscope,-0.008704213253780718,-0.0012969353126745151,-0.13320352036515531,1567457521198
10326,10326,462,Gyroscope,-0.02260896602137184,-0.0015482656934596697,-0.1281867923426624,1567457521200
10328,10328,462,Gyroscope,-0.03227921779729435,0.008433444649843443,-0.1222656563145349,1567457521202
10330,10330,462,Gyroscope,-0.03907830352965807,0.025978404338871924,-0.1123133340520183,1567457521204
10332,10332,462,Gyroscope,-0.04317519684407599,0.044564510180047874,-0.09702459402004321,1567457521206
10334,10334,462,Gyroscope,-0.044626796582859105,0.06101145019237207,-0.07793386683012599,1567457521208
10336,10336,462,Gyroscope,-0.04558877445984155,0.07689402683998439,-0.055439165056621095,1567457521210
10338,10338,462,Gyroscope,-0.04845935033761327,0.09328547858407729,-0.029734796982994596,1567457521212
10340,10340,462,Gyroscope,-0.052577741940679906,0.10771967059817697,-0.003714408217049649,1567457521214
10341,10341,462,Gyroscope,-0.05551368402083123,0.1176788361923902,0.019867739104856102,1567457521216
10344,10344,462,Gyroscope,-0.05726829002453126,0.12397716228900071,0.04022445876578899,1567457521218
10346,10346,462,Gyroscope,-0.060363770364427284,0.129149852367179,0.05536510062368918,1567457521220
10347,10347,462,Gyroscope,-0.06600347050514213,0.13463491921235748,0.062412629878725166,1567457521222
10349,10349,462,Gyroscope,-0.07341883571178467,0.14006802904467022,0.06123984173913025,1567457521224
10351,10351,462,Gyroscope,-0.08282619637346156,0.14412309708601445,0.05391024094372644,1567457521226
10353,10353,462,Gyroscope,-0.09517231816299498,0.14583215385016754,0.04226799888243986,1567457521228
10355,10355,462,Gyroscope,-0.10959905147583196,0.14415372907109708,0.027797878427378922,1567457521230
10357,10357,462,Gyroscope,-0.1251367147255753,0.13579651585636232,0.011911472896852317,1567457521232
10359,10359,462,Gyroscope,-0.14285633225479816,0.11680574453655032,-0.003463243152479603,1567457521234
10361,10361,462,Gyroscope,-0.1630137911068346,0.08804219536780764,-0.015534560615775652,1567457521236
10363,10363,462,Gyroscope,-0.1836054863791693,0.053855822839348665,-0.023311806225395575,1567457521238
10365,10365,462,Gyroscope,-0.20347576022278652,0.012560163567755234,-0.029563872681589443,1567457521240
10367,10367,462,Gyroscope,-0.22289573829872095,-0.04331148542347486,-0.03720150333485456,1567457521242
10369,10369,462,Gyroscope,-0.24149773242265982,-0.11303699774146857,-0.04573829759675735,1567457521244
10371,10371,462,Gyroscope,-0.2588727707141226,-0.18633607456857798,-0.05389141972053467,1567457521246
10373,10373,462,Gyroscope,-0.275318267934579,-0.2591423790604074,-0.06243707526762464,1567457521248
10375,10375,462,Gyroscope,-0.2905933962885578,-0.3338615035941295,-0.07156725023606271,1567457521250
10377,10377,462,Gyroscope,-0.3049391158279729,-0.40449285055356565,-0.07872100055318111,1567457521252
10379,10379,462,Gyroscope,-0.32085592870306895,-0.46039375435023744,-0.0820055764669796,1567457521254
10381,10381,462,Gyroscope,-0.3398429244090928,-0.5005193425303922,-0.08337431258049696,1567457521256
10383,10383,462,Gyroscope,-0.3589167738639406,-0.5298121998895053,-0.08605927923161547,1567457521258
10385,10385,462,Gyroscope,-0.3747014444410217,-0.5488942947406669,-0.09014874292077547,1567457521260
10387,10387,462,Gyroscope,-0.3888731270492552,-0.5547184418877964,-0.09292152348841473,1567457521262
10389,10389,462,Gyroscope,-0.40525298574024526,-0.5456772994359611,-0.09360367302844183,1567457521265
10391,10391,462,Gyroscope,-0.42331235471818873,-0.5239833070308949,-0.09482537622134235,1567457521266
10393,10393,462,Gyroscope,-0.4390356113047137,-0.49272851558705116,-0.09751540919605284,1567457521268
10396,10396,462,Gyroscope,-0.45188684328351514,-0.44982670835489186,-0.09783718529296154,1567457521270
10397,10397,462,Gyroscope,-0.4663219609362661,-0.3910657569535213,-0.09266058155939105,1567457521272
10399,10399,462,Gyroscope,-0.4850954781793667,-0.31988262874917683,-0.08498022378866911,1567457521274
10401,10401,462,Gyroscope,-0.5058246848634056,-0.24351744603903525,-0.07930442505837923,1567457521276
10403,10403,462,Gyroscope,-0.5266454844213388,-0.15864154669996738,-0.07366546164100406,1567457521278
10406,10406,462,Gyroscope,-0.550133402388933,-0.054664815807978995,-0.062102329285247795,1567457521280
10408,10408,462,Gyroscope,-0.5778342441483404,0.06524748729825891,-0.044671986522476684,1567457521282
10410,10410,462,Gyroscope,-0.6052366306299348,0.182635491433148,-0.02753207675916579,1567457521284
10412,10412,462,Gyroscope,-0.6257269182335872,0.2870026754048909,-0.012454319613976531,1567457521286
10414,10414,462,Gyroscope,-0.6361709186908098,0.38024976833157653,0.004639522782377905,1567457521288
10416,10416,462,Gyroscope,-0.636714142372995,0.4577537199533489,0.024014437946936758,1567457521291
10418,10418,462,Gyroscope,-0.6278237866605669,0.5101693995283634,0.04036631195149717,1567457521292
10420,10420,462,Gyroscope,-0.6086965149285168,0.5417082394597252,0.05049086155868776,1567457521294
10422,10422,462,Gyroscope,-0.579390570319139,0.5651265863370061,0.05516044211997241,1567457521296
10424,10424,462,Gyroscope,-0.5448241447112339,0.5859639918263317,0.0551668301768833,1567457521298
10426,10426,462,Gyroscope,-0.5114869741212624,0.6077617088082456,0.05114301709714244,1567457521300
10428,10428,462,Gyroscope,-0.47972230577588576,0.6403631667940197,0.04530583479818204,1567457521303
10430,10430,462,Gyroscope,-0.44760909935743465,0.6893780530965659,0.040043465148278425,1567457521304
10432,10432,462,Gyroscope,-0.41945195799765966,0.7518053878859098,0.03723645677903828,1567457521306
10434,10434,462,Gyroscope,-0.3993611440811125,0.8299012651341129,0.04040334536905661,1567457521308
10436,10436,462,Gyroscope,-0.38276595495733123,0.9293469803732288,0.053028893349642,1567457521310
10438,10438,462,Gyroscope,-0.3647479179549897,1.040425136944885,0.07313204223277747,1567457521312
10440,10440,462,Gyroscope,-0.3484989095155532,1.1449599054974342,0.09481491067229834,1567457521314
10442,10442,462,Gyroscope,-0.3380804248458119,1.2435516176614192,0.11660250011780328,1567457521317
10444,10444,462,Gyroscope,-0.33157531488718117,1.3530318844199856,0.1422601648031065,1567457521318
10446,10446,462,Gyroscope,-0.32682511465794467,1.4742809380014177,0.17264904823490254,1567457521320
10448,10448,462,Gyroscope,-0.32678865202605556,1.5833624059218478,0.20466765879248805,1567457521322
10450,10450,462,Gyroscope,-0.3345275422912014,1.6595690958590457,0.23927478047794484,1567457521324
10452,10452,462,Gyroscope,-0.3476070110972486,1.7027423695137256,0.28122997823693485,1567457521326
10454,10454,462,Gyroscope,-0.36154574953952,1.718188906746665,0.3300427843917419,1567457521329
10456,10456,462,Gyroscope,-0.3757113526594337,1.7012912284181434,0.38130140529000256,1567457521330
10458,10458,462,Gyroscope,-0.3929318176149331,1.6391067760926314,0.43746532025483414,1567457521332
10460,10460,462,Gyroscope,-0.41551400322044607,1.5221374046004397,0.5063435091918033,1567457521334
10461,10461,462,Gyroscope,-0.4421522615821596,1.3570194018060207,0.5876800977769456,1567457521336
10463,10463,462,Gyroscope,-0.46720022625050994,1.156248615931314,0.6735339001643467,1567457521338
10465,10465,462,Gyroscope,-0.48512756276639996,0.9180483024631001,0.7619332446372423,1567457521341
10467,10467,462,Gyroscope,-0.4957542932854955,0.6442855273448378,0.8547425052326165,1567457521342
10469,10469,462,Gyroscope,-0.5012716049631878,0.358196420284606,0.9459948903374624,1567457521344
10471,10471,462,Gyroscope,-0.5009720997577964,0.07134334495163405,1.0288408006703076,1567457521346
10473,10473,462,Gyroscope,-0.4941110445421787,-0.22418846824110328,1.1048686070619478,1567457521348
10475,10475,462,Gyroscope,-0.4836533576680526,-0.5101589862161039,1.1746876437249412,1567457521350
10477,10477,462,Gyroscope,-0.47261949397626657,-0.7491810681166582,1.232003424755922,1567457521352
10479,10479,462,Gyroscope,-0.4609633015646113,-0.9431151735365738,1.2725301558330688,1567457521355
10481,10481,462,Gyroscope,-0.4485520331673095,-1.1264098868366352,1.2985238269246597,1567457521356
10483,10483,462,Gyroscope,-0.43743515818754763,-1.3048162365001932,1.3133412671803804,1567457521358
10485,10485,462,Gyroscope,-0.4296228472973306,-1.4474834550501634,1.3153408644810074,1567457521360
10488,10488,462,Gyroscope,-0.42504195389822175,-1.5368113984580778,1.2977997377481445,1567457521362
10490,10490,462,Gyroscope,-0.4228503713146703,-1.5876571887622581,1.258033648323581,1567457521364
10492,10492,462,Gyroscope,-0.422768435695535,-1.61425245769474,1.2048378609080839,1567457521367
10494,10494,462,Gyroscope,-0.42306876626689405,-1.610758274994307,1.147075583493081,1567457521368
10496,10496,462,Gyroscope,-0.41954759655818286,-1.5721973997079566,1.0754935206675487,1567457521370
10498,10498,462,Gyroscope,-0.41039530507946587,-1.510691238993977,0.9722821893397664,1567457521372
10500,10500,462,Gyroscope,-0.3995931714352835,-1.4415951220151029,0.8407364518422182,1567457521374
10502,10502,462,Gyroscope,-0.38957685261407715,-1.3646033955717327,0.7003166137978559,1567457521376
10504,10504,462,Gyroscope,-0.37360049216187163,-1.2671969305481168,0.5504985090308598,1567457521378
10506,10506,462,Gyroscope,-0.3437677341774673,-1.147130130394114,0.3765715366784895,1567457521380
10507,10507,462,Gyroscope,-0.3033927338653814,-1.0227867861703366,0.19085502057016374,1567457521382
10510,10510,462,Gyroscope,-0.2612772266038049,-0.913971708400305,0.02424285243521216,1567457521384
10511,10511,462,Gyroscope,-0.21699470304224755,-0.8214546280876662,-0.12053567126288549,1567457521386
10513,10513,462,Gyroscope,-0.1632371505982728,-0.7349856187983302,-0.26653731421595933,1567457521388
10515,10515,462,Gyroscope,-0.09986446952703713,-0.654137290218469,-0.41755068978932397,1567457521390
10518,10518,462,Gyroscope,-0.03306676017845855,-0.5907000870669188,-0.5509424914688102,1567457521393
10520,10520,462,Gyroscope,0.03578708182412696,-0.5518473559477608,-0.6541631079211979,1567457521394
10522,10522,462,Gyroscope,0.10700102535038579,-0.5305710855165306,-0.7368976356713339,1567457521396
10524,10524,462,Gyroscope,0.17553523638258456,-0.5157621882420776,-0.8079412023266165,1567457521398
10526,10526,462,Gyroscope,0.23987126661646901,-0.5034844033723217,-0.8681633420470093,1567457521400
10528,10528,462,Gyroscope,0.3057692274193786,-0.4949866093384826,-0.921712576784758,1567457521402
10530,10530,462,Gyroscope,0.3727469005379687,-0.490479769924875,-0.9725859838042388,1567457521404
10532,10532,462,Gyroscope,0.43328002023805867,-0.4879348710793652,-1.0183818196277872,1567457521407
10533,10533,462,Gyroscope,0.4894877508284775,-0.48511237028910115,-1.0586756968932585,1567457521408
10535,10535,462,Gyroscope,0.552510883003112,-0.4816286751111043,-1.0984440676440574,1567457521410
10538,10538,462,Gyroscope,0.6228894654835182,-0.47894683966113205,-1.1384492302074585,1567457521412
10540,10540,462,Gyroscope,0.6895927326471598,-0.47770949943812024,-1.1726439043006796,1567457521414
10541,10541,462,Gyroscope,0.7502672329430652,-0.4763080224904491,-1.1965018090442534,1567457521416
10543,10543,462,Gyroscope,0.8125946680851108,-0.4732035593415005,-1.209265784951877,1567457521418
10545,10545,462,Gyroscope,0.874304062814829,-0.46864627303413614,-1.2094466608818795,1567457521421
10547,10547,462,Gyroscope,0.9227051467642831,-0.46283189379833606,-1.1955398575539293,1567457521422
10549,10549,462,Gyroscope,0.9545545527128272,-0.45484180140266917,-1.1673746906575329,1567457521424
10551,10551,462,Gyroscope,0.9789710715008365,-0.44471459268031654,-1.1236091654077016,1567457521426
10553,10553,462,Gyroscope,1.0014611120561128,-0.43294142036413785,-1.065297105684261,1567457521428
10556,10556,462,Gyroscope,1.0173174366638462,-0.41543582511181687,-0.9998066339946612,1567457521430
10558,10558,462,Gyroscope,1.020630250223245,-0.38452786361612906,-0.9335230853350369,1567457521433
10560,10560,462,Gyroscope,1.0123406936079362,-0.338359502227168,-0.867842419401955,1567457521434
10562,10562,462,Gyroscope,0.9975712294462102,-0.2802936335343395,-0.8042005597936961,1567457521436
10564,10564,462,Gyroscope,0.9785641490234372,-0.20781180102030594,-0.7417998251989047,1567457521438
10565,10565,462,Gyroscope,0.9537454044228297,-0.1177284517487322,-0.6757408096135503,1567457521440
10567,10567,462,Gyroscope,0.9236021001501272,-0.021116069885250745,-0.6076069684108603,1567457521442
10570,10570,462,Gyroscope,0.8930910436352402,0.06709356344448719,-0.5460404241731922,1567457521444
10572,10572,462,Gyroscope,0.8645806131935216,0.15028959805129705,-0.4896999254412171,1567457521447
10573,10573,462,Gyroscope,0.8326498707460732,0.24218273222866737,-0.425486236100622,1567457521448
10575,10575,462,Gyroscope,0.7926381280392483,0.341525607934417,-0.3496282049367496,1567457521450
10577,10577,462,Gyroscope,0.7496099909240995,0.4352239922177558,-0.27303167977477394,1567457521452
10579,10579,462,Gyroscope,0.7104636986295452,0.5218600783985559,-0.20107215238491372,1567457521454
10581,10581,462,Gyroscope,0.6736584722703354,0.6095230523526327,-0.12830642354698235,1567457521456
10583,10583,462,Gyroscope,0.6352710120923114,0.6946528799706604,-0.0560489419366372,1567457521459
10585,10585,462,Gyroscope,0.5975426116938596,0.7654404866514599,0.0064924470222048345,1567457521461
10587,10587,462,Gyroscope,0.5639186444987027,0.8214240367925181,0.05972580096665359,1567457521462
10589,10589,462,Gyroscope,0.53261964992917,0.8717995394615234,0.11357219463512472,1567457521464
10591,10591,462,Gyroscope,0.5012728235286693,0.9181642044026206,0.17024821799109507,1567457521466
10593,10593,462,Gyroscope,0.47237292743463166,0.9506386674858863,0.2219569865725416,1567457521468
10595,10595,462,Gyroscope,0.4492810949840899,0.9607808795180621,0.26483679348427985,1567457521470
10597,10597,462,Gyroscope,0.4316045488546696,0.9510742010770672,0.3023379191527449,1567457521473
10600,10600,462,Gyroscope,0.41833093223064216,0.9275607838980898,0.3362595200817382,1567457521474
10602,10602,462,Gyroscope,0.41130444481851924,0.8890458376758721,0.36606818802421154,1567457521476
10604,10604,462,Gyroscope,0.41257672901618775,0.8321353539920676,0.3937663427011202,1567457521478
10606,10606,462,Gyroscope,0.4209407102748065,0.7625960165741104,0.4204014100384248,1567457521480
10607,10607,462,Gyroscope,0.4338115587195045,0.6905045992446605,0.4425673445338101,1567457521482
10609,10609,462,Gyroscope,0.4520405365398611,0.6148806746099206,0.4573487125299218,1567457521484
10611,10611,462,Gyroscope,0.47914017252959895,0.5252602271234565,0.4662825295127601,1567457521487
10613,10613,462,Gyroscope,0.5144244292343418,0.4218201348578598,0.47297908147801426,1567457521488
10615,10615,462,Gyroscope,0.5525616564579798,0.3189546996521774,0.47904236583569637,1567457521490
10618,10618,462,Gyroscope,0.591511297586798,0.22267077430765964,0.48170410968253735,1567457521492
10620,10620,462,Gyroscope,0.6330735040000705,0.12468094180412621,0.47619910972047386,1567457521494
10622,10622,462,Gyroscope,0.6751371942410663,0.025203750883500478,0.4622873548870149,1567457521497
10624,10624,462,Gyroscope,0.7131896521920655,-0.062320541165142754,0.44470326805200056,1567457521499
10626,10626,462,Gyroscope,0.7500269928779837,-0.13355113165700805,0.4240714609068657,1567457521500
10628,10628,462,Gyroscope,0.7939732268673869,-0.1980078773645772,0.3939876783528624,1567457521502
10630,10630,462,Gyroscope,0.8458376632834181,-0.259157674634976,0.3513144779874168,1567457521504
10632,10632,462,Gyroscope,0.8974996459639334,-0.30754385565095144,0.3002261830312163,1567457521506
10634,10634,462,Gyroscope,0.9452986753589228,-0.3363860117990666,0.2430340504210362,1567457521509
10636,10636,462,Gyroscope,0.9930001571495557,-0.350935749310012,0.17964384181983667,1567457521511
10637,10637,462,Gyroscope,1.0398291960711363,-0.3596724122825632,0.11699914570439982,1567457521512
10639,10639,462,Gyroscope,1.078883858243927,-0.36572607134494384,0.06444471906929414,1567457521514
10641,10641,462,Gyroscope,1.1087579193522628,-0.36851668448727815,0.020568693104193552,1567457521516
10643,10643,462,Gyroscope,1.1351671491706576,-0.3672247920385554,-0.022485994250896254,1567457521518
10646,10646,462,Gyroscope,1.160303465648013,-0.3615964544986777,-0.06456073249079668,1567457521521
10648,10648,462,Gyroscope,1.1789658461873507,-0.3520527397144856,-0.09812747440298762,1567457521523
10650,10650,462,Gyroscope,1.1863006822660795,-0.33956244406305763,-0.1198312819948597,1567457521524
10652,10652,462,Gyroscope,1.1841282951196268,-0.3260053265462366,-0.13263798204755323,1567457521526
10654,10654,462,Gyroscope,1.177566821610157,-0.31470594243177596,-0.14025822756918754,1567457521528
10656,10656,462,Gyroscope,1.1676642521245753,-0.3084547393994904,-0.14472660165828194,1567457521530
10658,10658,462,Gyroscope,1.150307237660608,-0.30647662354181865,-0.1440812629167675,1567457521533
10660,10660,462,Gyroscope,1.1232077294851412,-0.3049698454447769,-0.13193569241436018,1567457521534
10662,10662,462,Gyroscope,1.0898905870909459,-0.3000341818047243,-0.10628372198293212,1567457521536
10664,10664,462,Gyroscope,1.0526158666858998,-0.28842620336569325,-0.07380305650735983,1567457521538
10666,10666,462,Gyroscope,1.0073943971742558,-0.2674972565103643,-0.03915737312270948,1567457521541
10668,10668,462,Gyroscope,0.9520330047783422,-0.2371732739716509,-0.0005767586774732087,1567457521542
10670,10670,462,Gyroscope,0.8886184009916531,-0.19957269753684242,0.038622217689415206,1567457521544
10671,10671,462,Gyroscope,0.8131945586713973,-0.1551846829466932,0.0669680181395555,1567457521546
10673,10673,462,Gyroscope,0.7202396602151973,-0.10492423065334319,0.07732401225802428,1567457521548
10675,10675,462,Gyroscope,0.6192920118172267,-0.056428477878267214,0.07193554865824735,1567457521550
10677,10677,462,Gyroscope,0.5249314393376123,-0.01925034055742907,-0.02008268652267883,1567457521553
10679,10679,462,Gyroscope,0.43089909790660796,0.007749240213246358,0.02955306912083873,1567457521554
10681,10681,462,Gyroscope,0.31865399082308643,0.03553306089970214,0.0031445153563515044,1567457521556
10683,10683,462,Gyroscope,0.19039260784024387,0.0706350146110784,-0.014672631087285254,1567457521558
10685,10685,462,Gyroscope,0.06481540959863841,0.11125299641819605,-0.020456288856991533,1567457521560
10687,10687,462,Gyroscope,-0.05954673463978293,0.15756962100954763,-0.02008268652267883,1567457521562
10689,10689,462,Gyroscope,-0.1997905533656687,0.21244722649036235,-0.02135496577366519,1567457521565
10691,10691,462,Gyroscope,-0.3475503835730165,0.27017318767781273,-0.025912658246954486,1567457521566
10693,10693,462,Gyroscope,-0.47685653291216545,0.3196927468030845,-0.028710335287702032,1567457521568
10695,10695,462,Gyroscope,-0.5936691962664598,0.36101875994984345,-0.02181754365453535,1567457521570
10697,10697,462,Gyroscope,-0.7320493363215443,0.404734389105746,0.00017014310828013203,1567457521572
10699,10699,462,Gyroscope,-0.898973295178805,0.45567722889152995,0.03326636999942607,1567457521575
10701,10701,462,Gyroscope,-1.0662512866767972,0.5101168847456323,0.06508051431936464,1567457521577
10703,10703,462,Gyroscope,-1.218012065175933,0.5664006422114145,0.08724068136515116,1567457521578
10705,10705,462,Gyroscope,-1.3607507813383553,0.6255868023806996,0.10171339157232573,1567457521580
10707,10707,462,Gyroscope,-1.487007565349042,0.6862256152845736,0.1117301470379308,1567457521582
10709,10709,462,Gyroscope,-1.5730230413259354,0.7482686078206847,0.11412213606148736,1567457521584
10711,10711,462,Gyroscope,-1.609545207163519,0.8132660506435826,0.10372027736592146,1567457521587
10713,10713,462,Gyroscope,-1.6053488375440899,0.8760703411055852,0.07873555418260386,1567457521589
10715,10715,462,Gyroscope,-1.56912247191408,0.9292686187591915,0.03670587824975703,1567457521590
10717,10717,462,Gyroscope,-1.5021442140229317,0.9759522504457492,-0.033155669554677386,1567457521592
10719,10719,462,Gyroscope,-1.4032581274032392,1.024520708011699,-0.14254894082721078,1567457521594
10721,10721,462,Gyroscope,-1.281053740249557,1.0741334662840198,-0.281975978928509,1567457521596
10723,10723,462,Gyroscope,-1.1550119270399237,1.1188182296414224,-0.42233625818853715,1567457521599
10725,10725,462,Gyroscope,-1.0347619680104942,1.1611860517241561,-0.5477442263037792,1567457521601
10727,10727,462,Gyroscope,-0.9149050848156868,1.207620670227231,-0.6635568180496909,1567457521602
10729,10729,462,Gyroscope,-0.7985773968441254,1.2540467265773678,-0.7686006984478496,1567457521604
10731,10731,462,Gyroscope,-0.6995998464380551,1.2896866858048721,-0.8498860300173565,1567457521606
10733,10733,462,Gyroscope,-0.6159932017535639,1.3118042984806217,-0.9048127690690893,1567457521609
10735,10735,462,Gyroscope,-0.5293426330805018,1.3276975083919205,-0.9432667186992361,1567457521611
10737,10737,462,Gyroscope,-0.43363898054039085,1.3432229377234253,-0.970278425208221,1567457521612
10739,10739,462,Gyroscope,-0.34087432727431155,1.354192227287133,-0.979985133310405,1567457521614
10742,10742,462,Gyroscope,-0.2580618735439315,1.353030867463153,-0.9638711820214692,1567457521616
10744,10744,462,Gyroscope,-0.18159109854617458,1.3413993657776118,-0.9222130677924455,1567457521619
10746,10746,462,Gyroscope,-0.11297304822020324,1.3245680867649703,-0.8674606897475217,1567457521621
10747,10747,462,Gyroscope,-0.05953781013965184,1.294558931895162,-0.8107268570055373,1567457521622
10749,10749,462,Gyroscope,-0.022515144137195527,1.2378756837676328,-0.7463571002077094,1567457521624
10751,10751,462,Gyroscope,0.0017813104103601026,1.1602706269392655,-0.6614595700926496,1567457521626
10754,10754,462,Gyroscope,0.014816638509454666,1.0799203420889685,-0.5584964991210537,1567457521628
10756,10756,462,Gyroscope,0.01682705919235903,0.9933276690959589,-0.4495738636991451,1567457521631
10758,10758,462,Gyroscope,0.00980523543517017,0.876181703382299,-0.33272596245816255,1567457521632
10760,10760,462,Gyroscope,-0.001925006867133549,0.7230377898535512,-0.20152715632050616,1567457521634
10762,10762,462,Gyroscope,-0.012636761783344027,0.5506455300764038,-0.07012317507770542,1567457521636
10764,10764,462,Gyroscope,-0.019258108599562666,0.35850554684870883,0.04107118195936171,1567457521638
10766,10766,462,Gyroscope,-0.02437104635741956,0.13470618180480112,0.12981870976136375,1567457521640
10768,10768,462,Gyroscope,-0.03279056268900523,-0.09774340474366738,0.20027852090250922,1567457521643
10770,10770,462,Gyroscope,-0.04658035440394525,-0.29566341052450706,0.24973315733896756,1567457521644
10772,10772,462,Gyroscope,-0.06551195047484815,-0.4554883775493277,0.2813023409422566,1567457521646
10774,10774,462,Gyroscope,-0.09021494016712413,-0.6094117864752495,0.3079325587476155,1567457521648
10775,10775,462,Gyroscope,-0.12089299380582194,-0.7673854631884653,0.3361756821050573,1567457521650
10778,10778,462,Gyroscope,-0.15413506492725476,-0.9064030477756956,0.3616171934738681,1567457521653
10780,10780,462,Gyroscope,-0.1852989989517813,-1.0147149523858472,0.38215941033158085,1567457521655
10782,10782,462,Gyroscope,-0.2126210215711809,-1.1064662590427399,0.40244800756520716,1567457521656
10784,10784,462,Gyroscope,-0.23625807245713748,-1.1903716866343454,0.4237968026110741,1567457521658
10786,10786,462,Gyroscope,-0.2566432672037089,-1.2585031890047236,0.4410411833981769,1567457521660
10788,10788,462,Gyroscope,-0.2756198375516953,-1.3075809753395493,0.45132761613314376,1567457521662
10790,10790,462,Gyroscope,-0.29520349312618427,-1.3451299639717824,0.45809006696432086,1567457521665
10792,10792,462,Gyroscope,-0.3139842405946066,-1.3763221168697264,0.46423884245788544,1567457521666
10794,10794,462,Gyroscope,-0.32897989971966135,-1.4013801711170943,0.4656804399732215,1567457521668
10796,10796,462,Gyroscope,-0.3414286804442235,-1.421555108418233,0.4550229582396765,1567457521670
10797,10797,462,Gyroscope,-0.3543560077974989,-1.43851587465895,0.4303398171794127,1567457521672
10799,10799,462,Gyroscope,-0.3642671673361216,-1.4541295547156845,0.39380794689792786,1567457521674
10801,10801,462,Gyroscope,-0.363928118440733,-1.4748266505649386,0.3427009733951045,1567457521677
10803,10803,462,Gyroscope,-0.3534054724466873,-1.507238080486085,0.27343440690051213,1567457521679
10805,10805,462,Gyroscope,-0.3397155628844437,-1.5479769640179628,0.19385139375751187,1567457521680
10807,10807,462,Gyroscope,-0.3266204037345066,-1.5883599698191126,0.11677355366322328,1567457521682
10809,10809,462,Gyroscope,-0.3127474439809982,-1.6299018341790927,0.04160015335033733,1567457521684
10811,10811,462,Gyroscope,-0.2988761385126357,-1.6833030080705191,-0.04238237524174397,1567457521686
10813,10813,462,Gyroscope,-0.2900251703732022,-1.7501946821302268,-0.13426416194621604,1567457521689
10815,10815,462,Gyroscope,-0.2895696445489111,-1.8183864147974167,-0.22081949653766142,1567457521690
10817,10817,462,Gyroscope,-0.29607900232070694,-1.8780094798929436,-0.2991886846260564,1567457521692
10820,10820,462,Gyroscope,-0.30625815021312525,-1.9291973470170514,-0.3796231589988883,1567457521694
10822,10822,462,Gyroscope,-0.3170969313856369,-1.97195750004961,-0.4639916439498107,1567457521697
10824,10824,462,Gyroscope,-0.32588253619878826,-2.000800005193353,-0.5425163497484304,1567457521698
10826,10826,462,Gyroscope,-0.3318676619696945,-2.010072300103362,-0.6116411298374825,1567457521700
10827,10827,462,Gyroscope,-0.33695628590756355,-1.9985903830961396,-0.6772017787721853,1567457521702
10829,10829,462,Gyroscope,-0.34188489382429427,-1.9705561240020417,-0.740326523147363,1567457521704
10831,10831,462,Gyroscope,-0.34345116355037775,-1.9306540342213152,-0.793463082987218,1567457521706
10833,10833,462,Gyroscope,-0.3385055756653479,-1.8779095199293105,-0.8312575530617377,1567457521709
10835,10835,462,Gyroscope,-0.3285695746151762,-1.8116076534917962,-0.8550896567353322,1567457521710
10837,10837,462,Gyroscope,-0.3168759172533291,-1.739206524644139,-0.8652552031997554,1567457521712
10839,10839,462,Gyroscope,-0.3025255941923858,-1.669671337242036,-0.8575527533113932,1567457521714
10841,10841,462,Gyroscope,-0.2808328466158981,-1.608459176540133,-0.829224813219759,1567457521716
10843,10843,462,Gyroscope,-0.24914685361263234,-1.5629955694151758,-0.7833373609064517,1567457521719
10845,10845,462,Gyroscope,-0.2108992376172616,-1.5347900879256438,-0.725682616505306,1567457521721
10847,10847,462,Gyroscope,-0.1722909491760641,-1.5029803427067219,-0.6556285172087788,1567457521722
10849,10849,462,Gyroscope,-0.13561316356677572,-1.4386451107962068,-0.5650051559600072,1567457521724
10851,10851,462,Gyroscope,-0.1001715943948761,-1.3384465990438539,-0.4543559742516847,1567457521726
10853,10853,462,Gyroscope,-0.06770373373444426,-1.2165963566172957,-0.33686651738960316,1567457521728
10855,10855,462,Gyroscope,-0.04024445946007351,-1.0657952558954449,-0.21546829329147765,1567457521731
10857,10857,462,Gyroscope,-0.01674910331369129,-0.8677365857096129,-0.07994614324667551,1567457521732
10860,10860,462,Gyroscope,0.002479724141595735,-0.6392748916752586,0.06527266050906576,1567457521734
10862,10862,462,Gyroscope,0.01393565108339806,-0.41688239268408733,0.19959266485557253,1567457521736
10864,10864,462,Gyroscope,0.01687736916935069,-0.19624685806440817,0.31525013917212563,1567457521738
10866,10866,462,Gyroscope,0.01577287068851475,0.05964952728339543,0.42141898544221834,1567457521741
10868,10868,462,Gyroscope,0.015025122976717025,0.35035839986332634,0.5196296710077973,1567457521743
10870,10870,462,Gyroscope,0.013952347373186371,0.6321134911099552,0.5973432164973903,1567457521744
10872,10872,462,Gyroscope,0.008435529552296173,0.8863350362415939,0.6492371369745475,1567457521746
10874,10874,462,Gyroscope,-0.002322407520604632,1.1298436471439168,0.6871281365132524,1567457521748
10876,10876,462,Gyroscope,-0.01333303898309114,1.3547090859630613,0.7224656165967487,1567457521751
10878,10878,462,Gyroscope,-0.02121177708331224,1.5262660662993799,0.753711991257809,1567457521753
10880,10880,462,Gyroscope,-0.030730065517893895,1.6397168552229364,0.7770258329562041,1567457521755
10882,10882,462,Gyroscope,-0.04855768668059021,1.7231701295365442,0.7964697589731866,1567457521756
10884,10884,462,Gyroscope,-0.07370601043430196,1.7904281792843895,0.8169732024926943,1567457521758
10886,10886,462,Gyroscope,-0.1013006367636899,1.8281526886368777,0.8351156469923394,1567457521760
10888,10888,462,Gyroscope,-0.13164756191024185,1.825724663508708,0.8430725333709446,1567457521763
10890,10890,462,Gyroscope,-0.16657789399282372,1.7925197753557085,0.8386507268960741,1567457521765
10892,10892,462,Gyroscope,-0.2028890752259194,1.7395863389855577,0.826826175891044,1567457521767
10894,10894,462,Gyroscope,-0.2384338132904158,1.6624224195094681,0.8123733234819147,1567457521768
10895,10895,462,Gyroscope,-0.2761206405786212,1.5577977069522522,0.7955442730610955,1567457521770
10897,10897,462,Gyroscope,-0.3154153802658289,1.443688121745633,0.7761117884476157,1567457521772
10899,10899,462,Gyroscope,-0.3500755082652772,1.341318864214209,0.757035452895338,1567457521774
10902,10902,462,Gyroscope,-0.37772488596262377,1.2467778793042439,0.7404212051304727,1567457521777
10904,10904,462,Gyroscope,-0.4024250228689651,1.1419361045747465,0.7236409220628099,1567457521779
10906,10906,462,Gyroscope,-0.42604603589249945,1.028022397741742,0.7047217664456941,1567457521780
10908,10908,462,Gyroscope,-0.4440698710287764,0.9247707252855732,0.6877147285596822,1567457521782
10910,10910,462,Gyroscope,-0.4519553109102995,0.8373453430733111,0.6767212987733005,1567457521784
10912,10912,462,Gyroscope,-0.4512598737621726,0.751924699807329,0.6698561798906228,1567457521786
10914,10914,462,Gyroscope,-0.44725929736197545,0.6657225380757463,0.664931903088507,1567457521789
10916,10916,462,Gyroscope,-0.44293586674037383,0.5912595119762564,0.6642859035366435,1567457521791
10918,10918,462,Gyroscope,-0.4368962165092106,0.5292022635738721,0.6692918446053561,1567457521792
10919,10919,462,Gyroscope,-0.4265442633774258,0.46498061994086176,0.6769046876324887,1567457521794
10921,10921,462,Gyroscope,-0.4121145140979859,0.39375555025227005,0.6843329265444218,1567457521796
10924,10924,462,Gyroscope,-0.3958858204800365,0.3258443117752543,0.691884052066295,1567457521798
10925,10925,462,Gyroscope,-0.3787759983799249,0.2665906966012606,0.7002211735809583,1567457521801
10927,10927,462,Gyroscope,-0.361552260504584,0.21050280227014545,0.7082898585410655,1567457521803
10929,10929,462,Gyroscope,-0.3474244239787243,0.155840848315411,0.7146173399698893,1567457521805
10931,10931,462,Gyroscope,-0.3386967284995893,0.10894917896586953,0.7169595419766578,1567457521806
10933,10933,462,Gyroscope,-0.33304164176928336,0.07513026324767011,0.7078066099512867,1567457521808
10935,10935,462,Gyroscope,-0.32662069945779815,0.055324676249005764,0.6768103546458942,1567457521810
10937,10937,462,Gyroscope,-0.318131161929733,0.04884188843592963,0.6249755160656962,1567457521812
10939,10939,462,Gyroscope,-0.30754136999174014,0.054943194194744596,0.5680515674870381,1567457521815
10941,10941,462,Gyroscope,-0.29439061026037433,0.07277452098909888,0.5188102391613902,1567457521817
10943,10943,462,Gyroscope,-0.2792141663136533,0.09887557312326145,0.4772328554507312,1567457521818
10945,10945,462,Gyroscope,-0.2624842842310551,0.1269219471988696,0.4412153209986708,1567457521820
10947,10947,462,Gyroscope,-0.24126905802203974,0.1528371496452838,0.41293494607376624,1567457521822
10949,10949,462,Gyroscope,-0.21257929279496457,0.1758860065939607,0.3933794075300569,1567457521824
10951,10951,462,Gyroscope,-0.17990758475747037,0.1943942843783284,0.38031226626129433,1567457521827
10953,10953,462,Gyroscope,-0.15032736681532424,0.2069962762245841,0.37082653479328365,1567457521829
10955,10955,462,Gyroscope,-0.12617596035764916,0.21659601370906373,0.3628097457108721,1567457521830
10957,10957,462,Gyroscope,-0.10461104156298713,0.22697679839260632,0.3562996962207348,1567457521832
10959,10959,462,Gyroscope,-0.0841532091956623,0.23772313917752913,0.353000765404393,1567457521834
10961,10961,462,Gyroscope,-0.0683997683537303,0.24620537965998363,0.352612059530722,1567457521837
10963,10963,462,Gyroscope,-0.0629109437897335,0.25165384764571697,0.35106744344333873,1567457521838
10965,10965,462,Gyroscope,-0.06915558112051536,0.25459386236197873,0.34411438808859973,1567457521840
10967,10967,462,Gyroscope,-0.08269018108695274,0.2547663320699116,0.3317568905365016,1567457521842
10970,10970,462,Gyroscope,-0.09775245455735566,0.25133606101075057,0.31636092670200866,1567457521845
10972,10972,462,Gyroscope,-0.11276291952229371,0.24272482935069484,0.29642438357623974,1567457521847
10973,10973,462,Gyroscope,-0.1304574042375619,0.22617005865198647,0.26738256488640866,1567457521849
10975,10975,462,Gyroscope,-0.15178338192403507,0.20047409469989322,0.22979772884482538,1567457521850
10977,10977,462,Gyroscope,-0.1713023247271387,0.1675355323919503,0.18975476149113685,1567457521852
10979,10979,462,Gyroscope,-0.18262572499193558,0.12944903202683,0.15016644556816083,1567457521855
10981,10981,462,Gyroscope,-0.1863039334355196,0.08805288262017535,0.1098814515835245,1567457521857
10984,10984,462,Gyroscope,-0.18620134490725815,0.04581228739961611,0.06971699445680948,1567457521858
10986,10986,462,Gyroscope,-0.1810426751456059,0.0022458797619079466,0.03106927922809079,1567457521860
10987,10987,462,Gyroscope,-0.1668518425523211,-0.04478859058515345,-0.0064410545202201255,1567457521862
10989,10989,462,Gyroscope,-0.14490504895661388,-0.09104748294082374,-0.04041469957799693,1567457521864
10992,10992,462,Gyroscope,-0.12014610243935464,-0.1281703695589279,-0.06703985161596708,1567457521867
10994,10994,462,Gyroscope,-0.0933134813535408,-0.1544397962527047,-0.08951089700793481,1567457521869
10996,10996,462,Gyroscope,-0.06088641469541372,-0.17420696010269232,-0.11579891155825364,1567457521870
10998,10998,462,Gyroscope,-0.022469674876692755,-0.189256835406103,-0.1469468485115063,1567457521872
11000,11000,462,Gyroscope,0.01816444964123999,-0.198919532419305,-0.17590380844490397,1567457521874
11002,11002,462,Gyroscope,0.05950596197135136,-0.20514218779763566,-0.1983829877272005,1567457521876
11004,11004,462,Gyroscope,0.10257471441247137,-0.21084263607067363,-0.21710120929632312,1567457521879
11006,11006,462,Gyroscope,0.14521761403717512,-0.2159308597217428,-0.23515223755652415,1567457521881
11008,11008,462,Gyroscope,0.1830685385215032,-0.21780482514559354,-0.2530826960110328,1567457521882
11010,11010,462,Gyroscope,0.2151689157019569,-0.21247871836240617,-0.27331660610288405,1567457521884
11012,11012,462,Gyroscope,0.24397573646769527,-0.19627129476120947,-0.29972688899160005,1567457521887
11014,11014,462,Gyroscope,0.2709217578963965,-0.1706017460171082,-0.3303205984861372,1567457521888
11016,11016,462,Gyroscope,0.29524031910387105,-0.14081253984306916,-0.3577266880129809,1567457521890
11018,11018,462,Gyroscope,0.3175117086163272,-0.1075854207357051,-0.3803378022882597,1567457521893
11020,11020,462,Gyroscope,0.34089154841986147,-0.06782962609086413,-0.4046525571820091,1567457521895
11022,11022,462,Gyroscope,0.3667838898987536,-0.024574354961972578,-0.4333947076146596,1567457521896
11024,11024,462,Gyroscope,0.3932666681747943,0.013959799733440036,-0.4604258833382262,1567457521899
11026,11026,462,Gyroscope,0.4201320424114089,0.0434974547827268,-0.47951942964688965,1567457521901
11028,11028,462,Gyroscope,0.45057395018266394,0.06433552515487066,-0.4902372946736594,1567457521902
11030,11030,462,Gyroscope,0.48508486878589185,0.07687894783661639,-0.4942964202985952,1567457521904
11032,11032,462,Gyroscope,0.5194381140732376,0.08172383288855162,-0.49185483359137994,1567457521907
11034,11034,462,Gyroscope,0.5518332135320687,0.08090025921959382,-0.4830281562850054,1567457521909
11036,11036,462,Gyroscope,0.5855017180331488,0.07648005815491034,-0.47102990764500785,1567457521910
11038,11038,462,Gyroscope,0.6222379703295046,0.06935896673702201,-0.46135012647781737,1567457521912
11039,11039,462,Gyroscope,0.6596473880196521,0.059881551022863015,-0.45692461376543714,1567457521914
11041,11041,462,Gyroscope,0.6943412854169926,0.04880547580321937,-0.45603263160096774,1567457521917
11043,11043,462,Gyroscope,0.7236153998381418,0.03733413990742642,-0.45546496080235155,1567457521919
11045,11045,462,Gyroscope,0.7459692158433833,0.02723788646289474,-0.45322554935733816,1567457521920
11047,11047,462,Gyroscope,0.7612568388358998,0.021814137193579667,-0.448219893923907,1567457521922
11049,11049,462,Gyroscope,0.7697263551354343,0.024503551748484953,-0.4404004585912853,1567457521925
11051,11051,462,Gyroscope,0.7723879228678848,0.034849545870564914,-0.4317047852211136,1567457521926
11053,11053,462,Gyroscope,0.7705079196771136,0.04931424790584766,-0.4245007923047595,1567457521928
11055,11055,462,Gyroscope,0.7628027201798249,0.06717940425072268,-0.41847358765804044,1567457521931
11057,11057,462,Gyroscope,0.7474144035400012,0.08996070959122915,-0.41136217044518963,1567457521933
11059,11059,462,Gyroscope,0.7275821305915009,0.11497219994777352,-0.40341646652918484,1567457521934
11061,11061,462,Gyroscope,0.7089476067719732,0.13720507750958463,-0.3975801129764758,1567457521937
11063,11063,462,Gyroscope,0.6906936844528184,0.15722180025187085,-0.39396790915199653,1567457521939
11066,11066,462,Gyroscope,0.6666853026635615,0.17954248801964906,-0.3887821933923813,1567457521940
11068,11068,462,Gyroscope,0.6354323677220425,0.20486539478160404,-0.38076280395283335,1567457521942
11070,11070,462,Gyroscope,0.600543550856447,0.23170008259306768,-0.37363132390870646,1567457521945
11072,11072,462,Gyroscope,0.5624267266554721,0.262670126091502,-0.3696731787983848,1567457521947
11074,11074,462,Gyroscope,0.5193464863137188,0.3001668571363278,-0.36610529311760126,1567457521948
11076,11076,462,Gyroscope,0.4742384026619731,0.3388788464852854,-0.3605146537675159,1567457521950
11078,11078,462,Gyroscope,0.43174110466827864,0.3703461345022239,-0.3553024942180609,1567457521953
11080,11080,462,Gyroscope,0.39365001025676727,0.3908103005890895,-0.35404825656049205,1567457521954
11082,11082,462,Gyroscope,0.36269688113656295,0.4006502408750705,-0.35678583836742794,1567457521956
11084,11084,462,Gyroscope,0.3429421667210738,0.4019867885512837,-0.36187681661455146,1567457521959
11086,11086,462,Gyroscope,0.33405881357367634,0.39808980061124855,-0.3710488508878399,1567457521961
11088,11088,462,Gyroscope,0.33238552829358525,0.39114820782000514,-0.38818488993757205,1567457521962
11090,11090,462,Gyroscope,0.33686103599558553,0.3823903398442581,-0.41144237860335464,1567457521964
11092,11092,462,Gyroscope,0.34840934246594035,0.37490210902175625,-0.43117859963451477,1567457521967
11094,11094,462,Gyroscope,0.3651365380947382,0.371693536522257,-0.43918431558600224,1567457521969
11096,11096,462,Gyroscope,0.3819886412121425,0.37191260833590234,-0.43597248453258214,1567457521970
11098,11098,462,Gyroscope,0.39470354435603594,0.37324875092925636,-0.42657743867532316,1567457521972
11100,11100,462,Gyroscope,0.40207568046564657,0.37513267445434906,-0.4141899633701974,1567457521975
11102,11102,462,Gyroscope,0.4044984014651618,0.37589573744335925,-0.4001175609941229,1567457521977
11104,11104,462,Gyroscope,0.4029605702385631,0.3716495774686342,-0.38598288607533604,1567457521978
11106,11106,462,Gyroscope,0.4002074411076734,0.3609978718281035,-0.3748613058087763,1567457521980
11108,11108,462,Gyroscope,0.3993174794959017,0.3447973641575004,-0.37183255959207334,1567457521983
11110,11110,462,Gyroscope,0.399755533279496,0.3209900187119259,-0.3808329588743482,1567457521985
11112,11112,462,Gyroscope,0.3982716581424428,0.28788151525990835,-0.3992225760575646,1567457521986
11114,11114,462,Gyroscope,0.3942310865117663,0.25068875162712795,-0.41908509011266376,1567457521988
11116,11116,462,Gyroscope,0.38971867240456615,0.2170954550512935,-0.433004812218042,1567457521991
11118,11118,462,Gyroscope,0.3835164332961315,0.19007808070034365,-0.43379451162226657,1567457521993
11119,11119,462,Gyroscope,0.37024299147573664,0.16962622407648725,-0.4150267991068754,1567457521995
11121,11121,462,Gyroscope,0.3472491732766664,0.1559257929754776,-0.3795532607293072,1567457521996
11124,11124,462,Gyroscope,0.31651594337028466,0.14816611113967515,-0.3384434454358951,1567457521999
11126,11126,462,Gyroscope,0.27928201597816693,0.1439477014083139,-0.29679625652652497,1567457522001
11128,11128,462,Gyroscope,0.23687439641262736,0.14043242242619192,-0.25272316378174614,1567457522002
11130,11130,462,Gyroscope,0.19522814331689353,0.1346481126402353,-0.20894561833742975,1567457522004
11132,11132,462,Gyroscope,0.15952124641190937,0.12403533375962714,-0.17088653596635053,1567457522007
11134,11134,462,Gyroscope,0.1282168086193883,0.10842494090048835,-0.1382803319155305,1567457522009
11136,11136,462,Gyroscope,0.09896402293920642,0.09065202258802241,-0.10960665117402485,1567457522010
11138,11138,462,Gyroscope,0.07325555292225422,0.0737336331812423,-0.08668016236744741,1567457522012
11140,11140,462,Gyroscope,0.051015728461288684,0.05808424070663189,-0.06873484532469956,1567457522015
11142,11142,462,Gyroscope,0.02868289320205922,0.04258826555900051,-0.051006425021774306,1567457522017
11144,11144,462,Gyroscope,0.004961403847159595,0.027250172345681653,-0.03189949311228066,1567457522018
11146,11146,462,Gyroscope,-0.018940267234671244,0.013257344545564795,-0.013969295298179953,1567457522020
11148,11148,462,Gyroscope,-0.044931395218894096,0.0011958421668163011,0.0020213246795089063,1567457522023
11150,11150,462,Gyroscope,-0.07614082751682832,-0.009352890543191219,0.016922804531363137,1567457522025
11152,11152,462,Gyroscope,-0.11022473365233804,-0.019057710627472184,0.02860744006538653,1567457522026
11154,11154,462,Gyroscope,-0.1421252785179268,-0.029302279610397657,0.03395587284582432,1567457522029
11156,11156,462,Gyroscope,-0.17190491842656858,-0.04342439579276655,0.03329436151466397,1567457522031
11158,11158,462,Gyroscope,-0.20281671358420145,-0.06526996436828196,0.028655727485044635,1567457522032
11159,11159,462,Gyroscope,-0.23367262536140582,-0.09503055719095663,0.020768900708757976,1567457522034
11161,11161,462,Gyroscope,-0.2605084506714276,-0.12934740097218134,0.009911124547653277,1567457522036
11163,11163,462,Gyroscope,-0.28428933240964704,-0.1667660398283531,-0.002722650960145712,1567457522039
11165,11165,462,Gyroscope,-0.30905867303026124,-0.2083378635278191,-0.01443453752125096,1567457522040
11167,11167,462,Gyroscope,-0.3338086936853157,-0.2532739316202054,-0.021432471840714624,1567457522042
11169,11169,462,Gyroscope,-0.3540044086359815,-0.29927038338804673,-0.021896786696100748,1567457522045
11171,11171,462,Gyroscope,-0.36899119718498863,-0.34398619288530885,-0.017482484915082717,1567457522047
11173,11173,462,Gyroscope,-0.3811450552481893,-0.3833661703329586,-0.01009182188491528,1567457522048
11176,11176,462,Gyroscope,-0.3905737222387139,-0.41383412555583937,-0.00012748841219292545,1567457522051
11178,11178,462,Gyroscope,-0.395688848862274,-0.4361635500805402,0.011521447583267924,1567457522053
11180,11180,462,Gyroscope,-0.3969013227067521,-0.4529849224885317,0.02352500057724517,1567457522055
11182,11182,462,Gyroscope,-0.3965141526775199,-0.46411322141720257,0.0355156914394046,1567457522056
11184,11184,462,Gyroscope,-0.39480982203498705,-0.4658260080003471,0.04672883067084408,1567457522059
11186,11186,462,Gyroscope,-0.38840007470273274,-0.4541974322919262,0.055593193319229385,1567457522061
11188,11188,462,Gyroscope,-0.37550705375839855,-0.4304646688063329,0.06248385401710256,1567457522062
11190,11190,462,Gyroscope,-0.36089899393435143,-0.4015989696609661,0.06983644198921218,1567457522064
11192,11192,462,Gyroscope,-0.35013586224890747,-0.3729225363761285,0.07859693887396955,1567457522067
11194,11194,462,Gyroscope,-0.3409183338059057,-0.3432887575657525,0.0876664414634947,1567457522069
11196,11196,462,Gyroscope,-0.3266794534796832,-0.31035964891079987,0.09697257149623724,1567457522070
11198,11198,462,Gyroscope,-0.3071286367873059,-0.2769061872664859,0.10797148882536534,1567457522072
11200,11200,462,Gyroscope,-0.2883169271331263,-0.24888287557290156,0.12186731584591942,1567457522075
11202,11202,462,Gyroscope,-0.2728622635182763,-0.2298594832585037,0.13964171271446646,1567457522077
11204,11204,462,Gyroscope,-0.25753650805881967,-0.2192719732983172,0.16106497966758643,1567457522078
11206,11206,462,Gyroscope,-0.2413543137176856,-0.2141034540287325,0.182179655617671,1567457522080
11208,11208,462,Gyroscope,-0.22826996848498055,-0.2116312413016652,0.1976797545596764,1567457522083
11210,11210,462,Gyroscope,-0.21966082370265388,-0.211949986806852,0.2063185787931385,1567457522085
11212,11212,462,Gyroscope,-0.21128584101586204,-0.21682875178562566,0.21142862923331546,1567457522086
11213,11213,462,Gyroscope,-0.2005542212205481,-0.22643805265136524,0.21713747994618426,1567457522088
11215,11215,462,Gyroscope,-0.1907223042802126,-0.24052367027671254,0.22486817744024215,1567457522091
11217,11217,462,Gyroscope,-0.18502968482008048,-0.2605189609737825,0.23276270812627575,1567457522093
11219,11219,462,Gyroscope,-0.1821106707874628,-0.28625410677899416,0.23958860561935463,1567457522094
11221,11221,462,Gyroscope,-0.1797513898979456,-0.31493497294409456,0.2476704766560956,1567457522096
11224,11224,462,Gyroscope,-0.1781821677401706,-0.3458587024717165,0.2581454722545953,1567457522099
11226,11226,462,Gyroscope,-0.1775566623797854,-0.3795849863675111,0.267171755928445,1567457522101
11228,11228,462,Gyroscope,-0.17642656469036608,-0.4127511528213346,0.27287282100744537,1567457522102
11230,11230,462,Gyroscope,-0.174427811607891,-0.4402329681459489,0.2796037895987239,1567457522105
11232,11232,462,Gyroscope,-0.17325140328333619,-0.45954748595918976,0.2882031793983759,1567457522107
11234,11234,462,Gyroscope,-0.1736678951363494,-0.46979589410375877,0.29171506656734614,1567457522108
11236,11236,462,Gyroscope,-0.1745421054547981,-0.47109799474287783,0.2892212498759802,1567457522110
11238,11238,462,Gyroscope,-0.17586746154580027,-0.464594818087553,0.2926778142931783,1567457522113
11240,11240,462,Gyroscope,-0.1793403909172602,-0.44868124368245144,0.310427299498345,1567457522115
11242,11242,462,Gyroscope,-0.18492963678507518,-0.4198212440311428,0.3340614566855606,1567457522117
11243,11243,462,Gyroscope,-0.1903116398456713,-0.3802831151094749,0.35073321503474264,1567457522119
11245,11245,462,Gyroscope,-0.19363785038057107,-0.33737612433861885,0.3592534836825976,1567457522120
11247,11247,462,Gyroscope,-0.19392150382507553,-0.29237382500436676,0.36548873030109486,1567457522122
11249,11249,462,Gyroscope,-0.1907748851144715,-0.2400139542098688,0.37028580997417454,1567457522125
11251,11251,462,Gyroscope,-0.1860932762781377,-0.18159287892645049,0.3699085985362257,1567457522127
11253,11253,462,Gyroscope,-0.18204917556854922,-0.12620183237309293,0.3620870162240711,1567457522129
11255,11255,462,Gyroscope,-0.17646950792096072,-0.07649319755660677,0.3463451485569152,1567457522131
11257,11257,462,Gyroscope,-0.16577799460738243,-0.02764053577374191,0.3231637455641758,1567457522132
11259,11259,462,Gyroscope,-0.1514840302395737,0.019547269775834684,0.29534237692264453,1567457522134
11261,11261,462,Gyroscope,-0.13712255900811754,0.05943282891097086,0.26638395285573047,1567457522137
11264,11264,462,Gyroscope,-0.12183081281807796,0.09200632719126546,0.23590356737922152,1567457522139
11265,11265,462,Gyroscope,-0.10368550568069461,0.12055969986072146,0.19963991708594206,1567457522141
11267,11267,462,Gyroscope,-0.08458144028334028,0.14436179869899735,0.15684443903783135,1567457522143
11269,11269,462,Gyroscope,-0.06541413410926429,0.1601910217576356,0.11460811147841596,1567457522144
11271,11271,462,Gyroscope,-0.042458702420099595,0.16622892138155748,0.08049563290237427,1567457522146
11273,11273,462,Gyroscope,-0.014606770833506944,0.1627230921986746,0.055388930055911056,1567457522148
11275,11275,462,Gyroscope,0.012216441474094774,0.1520426102856111,0.0378267481177007,1567457522151
11277,11277,462,Gyroscope,0.03246903940698481,0.13823598370954016,0.028180259848077163,1567457522153
11279,11279,462,Gyroscope,0.04595183616419192,0.12575637128124179,0.0243596906399539,1567457522155
11281,11281,462,Gyroscope,0.05321064647561823,0.11845826829087291,0.020490713098958183,1567457522157
11283,11283,462,Gyroscope,0.05330396063779379,0.11874215034778587,0.012437676934081574,1567457522158
11285,11285,462,Gyroscope,0.0469530306419184,0.12709643578301033,-0.0008974768274706741,1567457522160
11287,11287,462,Gyroscope,0.036880933008710766,0.14201861969291565,-0.020956955553895613,1567457522163
11289,11289,462,Gyroscope,0.025582641764228573,0.15888094550275275,-0.0471107083891638,1567457522165
11291,11291,462,Gyroscope,0.014209381446770766,0.16930254177399073,-0.07159728610664003,1567457522167
11293,11293,462,Gyroscope,0.0018605162088580428,0.16493264675372127,-0.08396517648161865,1567457522169
11296,11296,462,Gyroscope,-0.013202376926156355,0.14332125567416254,-0.08085461012716533,1567457522170
11298,11298,462,Gyroscope,-0.030424555375004957,0.10865930073507919,-0.06733839314778653,1567457522172
11300,11300,462,Gyroscope,-0.04768654832939204,0.06711892605616368,-0.05014364122290246,1567457522174
11301,11301,462,Gyroscope,-0.0657715293204545,0.022754784044802155,-0.03245182134135442,1567457522177
11304,11304,462,Gyroscope,-0.08784665843602972,-0.023248572113169046,-0.01398335261245439,1567457522179
11306,11306,462,Gyroscope,-0.1126846845058484,-0.07013357678407706,0.005593572871602049,1567457522181
11308,11308,462,Gyroscope,-0.13321217700831026,-0.11518775443868706,0.024970217121380058,1567457522183
11310,11310,462,Gyroscope,-0.14483485512381775,-0.15583776932640325,0.04370631883488832,1567457522184
11312,11312,462,Gyroscope,-0.14976026498253267,-0.19206845998683902,0.06260006616045918,1567457522186
11313,11313,462,Gyroscope,-0.14997181436697865,-0.2244782710367857,0.08030600339464136,1567457522188
11315,11315,462,Gyroscope,-0.14283323996336872,-0.25302082902602385,0.0947405875632854,1567457522191
11317,11317,462,Gyroscope,-0.12684294643954383,-0.2778884738280738,0.10720383694051619,1567457522193
11319,11319,462,Gyroscope,-0.105316017341481,-0.2985513900141342,0.11957397915511533,1567457522195
11321,11321,462,Gyroscope,-0.08232066708003587,-0.3130540225916071,0.13016103092114692,1567457522197
11323,11323,462,Gyroscope,-0.059110239563966466,-0.31970509922834034,0.13696639781560838,1567457522198
11325,11325,462,Gyroscope,-0.03490431619977734,-0.31873259013701694,0.1411452924992214,1567457522200
11328,11328,462,Gyroscope,-0.009343396071238866,-0.3122009783639052,0.14396991884534677,1567457522203
11330,11330,462,Gyroscope,0.016847092438846356,-0.30153874185597324,0.14411323151681177,1567457522205
11331,11331,462,Gyroscope,0.04413354979135371,-0.2858479807890005,0.13976369523888316,1567457522207
11333,11333,462,Gyroscope,0.07393294152735236,-0.265258450472873,0.1307937058374191,1567457522209
11335,11335,462,Gyroscope,0.10458660872650052,-0.24371844737853865,0.11890817555229849,1567457522210
11337,11337,462,Gyroscope,0.13245990474834113,-0.22464933098016443,0.10730728477660811,1567457522212
11339,11339,462,Gyroscope,0.1579427001712705,-0.2065495774155312,0.09868132511657912,1567457522215
11341,11341,462,Gyroscope,0.1845073228957291,-0.18633075275712635,0.09295674821243911,1567457522217
11343,11343,462,Gyroscope,0.21075757911301035,-0.1640818844282006,0.08908012113379937,1567457522219
11345,11345,462,Gyroscope,0.2294010911017817,-0.14114837878970685,0.08777501601419453,1567457522221
11347,11347,462,Gyroscope,0.23681459514183872,-0.11658793598764089,0.08954534895826381,1567457522223
11349,11349,462,Gyroscope,0.23795998066544782,-0.08990308361633459,0.09212540551322604,1567457522224
11351,11351,462,Gyroscope,0.2376623230553644,-0.06435121115140069,0.09338764023850205,1567457522226
11353,11353,462,Gyroscope,0.2331620366034559,-0.04333638788818546,0.09429425320343002,1567457522229
11355,11355,462,Gyroscope,0.2207163059097229,-0.026875554940700708,0.09586060743895597,1567457522231
11357,11357,462,Gyroscope,0.20335365455576576,-0.014259920677531426,0.09685739363386497,1567457522233
11359,11359,462,Gyroscope,0.18626252212826025,-0.006697213492509001,0.09752287022374395,1567457522235
11361,11361,462,Gyroscope,0.1696835412852242,-0.006317473963514902,0.10045977280354423,1567457522236
11363,11363,462,Gyroscope,0.1513719169228308,-0.01398219640643476,0.10501233191484753,1567457522239
11365,11365,462,Gyroscope,0.1324146231534384,-0.02745868210189398,0.10670766226720199,1567457522241
11367,11367,462,Gyroscope,0.11646908194696359,-0.0430699615459335,0.10414256932391858,1567457522243
11369,11369,462,Gyroscope,0.10493304417630948,-0.05937625412350335,0.10009506845652569,1567457522245
11372,11372,462,Gyroscope,0.09590227176983271,-0.07509803897360262,0.09510575185729822,1567457522246
11374,11374,462,Gyroscope,0.08716045525279727,-0.08525077995830611,0.08638697897438902,1567457522249
11376,11376,462,Gyroscope,0.07813365965288066,-0.08556053301869931,0.07374841445194102,1567457522251
11378,11378,462,Gyroscope,0.06985237743375466,-0.0774216702121439,0.060675011273590276,1567457522253
11380,11380,462,Gyroscope,0.06386469002837089,-0.06365839583439589,0.04849414523364045,1567457522255
11382,11382,462,Gyroscope,0.05948342419166615,-0.04450868236522736,0.03518619787834462,1567457522257
11384,11384,462,Gyroscope,0.05279460187587666,-0.019631073034494476,0.0210514209285104,1567457522258
11386,11386,462,Gyroscope,0.04117098935849087,0.011825646939426093,0.009730257186932422,1567457522260
11388,11388,462,Gyroscope,0.0273116414132596,0.051703382808041695,0.002734960712168543,1567457522263
11389,11389,462,Gyroscope,0.015522694327291968,0.09850021917838306,-0.0021362996389200596,1567457522265
11391,11391,462,Gyroscope,0.005353242426882372,0.14729033332078864,-0.006868091438781159,1567457522267
11393,11393,462,Gyroscope,-0.0077910712926924815,0.19809045337422015,-0.011684662995806137,1567457522269
11395,11395,462,Gyroscope,-0.02590364057966396,0.2571466894802581,-0.017353388504124247,1567457522271
11397,11397,462,Gyroscope,-0.04490386992186121,0.32552802511525725,-0.02537957510755079,1567457522272
11400,11400,462,Gyroscope,-0.059464377253458586,0.39572641407931175,-0.03528326796081666,1567457522274
11401,11401,462,Gyroscope,-0.06937438659945579,0.4632044989358132,-0.044825361960078365,1567457522277
11403,11403,462,Gyroscope,-0.07770300020902804,0.5293054822675578,-0.053437322626877,1567457522279
11405,11405,462,Gyroscope,-0.08428704639987412,0.5920207892336741,-0.06218744462351277,1567457522281
11408,11408,462,Gyroscope,-0.08619264235741238,0.646520603022798,-0.06993353979890247,1567457522283
11410,11410,462,Gyroscope,-0.08382400821481939,0.6912916208714741,-0.07315974005465208,1567457522284
11412,11412,462,Gyroscope,-0.08128707130488173,0.7253691940993232,-0.07079135088334666,1567457522286
11413,11413,462,Gyroscope,-0.08073239600961474,0.7464919636482105,-0.0658220851312819,1567457522288
11415,11415,462,Gyroscope,-0.08035736063417055,0.7543162026092212,-0.06099154306426852,1567457522291
11417,11417,462,Gyroscope,-0.07829157661394767,0.7498200374243691,-0.056519201647100205,1567457522293
11420,11420,462,Gyroscope,-0.07580869436725425,0.7345438685808994,-0.05323286674587263,1567457522295
11422,11422,462,Gyroscope,-0.0756838309788222,0.7115377962513578,-0.053750503619410306,1567457522297
11423,11423,462,Gyroscope,-0.07840209692222931,0.6822953858819979,-0.05883225919203722,1567457522298
11426,11426,462,Gyroscope,-0.08145885275765982,0.6463767486509173,-0.06565467206786556,1567457522301
11427,11427,462,Gyroscope,-0.08254893328226302,0.6067754894803459,-0.07114868751571014,1567457522303
11429,11429,462,Gyroscope,-0.08198871086778207,0.5681098993646135,-0.07528552486147001,1567457522305
11431,11431,462,Gyroscope,-0.08139638388656101,0.5286287972879777,-0.0799786659888372,1567457522307
11434,11434,462,Gyroscope,-0.08130655510845847,0.48244046853692923,-0.0855324503469799,1567457522309
11435,11435,462,Gyroscope,-0.08090365129194566,0.4291094779296857,-0.0896710358198535,1567457522311
11438,11438,462,Gyroscope,-0.07897144792658745,0.3729446008719788,-0.09054474347290109,1567457522312
11440,11440,462,Gyroscope,-0.07448583472635488,0.3154801242406709,-0.08935709328721189,1567457522315
11441,11441,462,Gyroscope,-0.06780754678802128,0.2571536100676826,-0.08906513385045611,1567457522317
11443,11443,462,Gyroscope,-0.06138328129218083,0.20070225902387362,-0.09115596975125986,1567457522319
11445,11445,462,Gyroscope,-0.05662801669812574,0.1456588745377667,-0.09441044434122245,1567457522321
11447,11447,462,Gyroscope,-0.05045335324676239,0.08902438503306816,-0.09705563312925582,1567457522323
11449,11449,462,Gyroscope,-0.03869391295452452,0.03444137556540032,-0.09958275202535913,1567457522324
11451,11451,462,Gyroscope,-0.022553856864901287,-0.011531222743412903,-0.10407208582663482,1567457522327
11453,11453,462,Gyroscope,-0.00706760129096516,-0.051027014917066876,-0.11123581322224754,1567457522329
11455,11455,462,Gyroscope,0.00639594708063194,-0.09131671401594785,-0.11995245378100829,1567457522331
11457,11457,462,Gyroscope,0.020823361116187267,-0.13323720427886424,-0.12875414741536695,1567457522333
11459,11459,462,Gyroscope,0.03723712340430056,-0.17269758802560292,-0.13632199969072345,1567457522335
11462,11462,462,Gyroscope,0.0531294836047544,-0.2098823199796621,-0.14213104754757533,1567457522336
11463,11463,462,Gyroscope,0.06675052024635157,-0.24756235503315618,-0.1470994173917499,1567457522338
11465,11465,462,Gyroscope,0.07849808602591235,-0.2831519038884043,-0.1517198401381614,1567457522341
11467,11467,462,Gyroscope,0.08822487434481141,-0.3115804707168789,-0.1544878407668429,1567457522343
11469,11469,462,Gyroscope,0.0940842763114967,-0.33345316009298165,-0.15428808217509146,1567457522345
11472,11472,462,Gyroscope,0.09494716115898949,-0.35332297741620133,-0.15266415802508382,1567457522347
11474,11474,462,Gyroscope,0.0921020259087845,-0.372842486176314,-0.15212831777886837,1567457522348
11476,11476,462,Gyroscope,0.08626507140779072,-0.3901692471210212,-0.15402975561475707,1567457522350
11478,11478,462,Gyroscope,0.075246361070723,-0.4038315245589417,-0.15831678552717887,1567457522353
11480,11480,462,Gyroscope,0.05823850696530571,-0.41447060573656314,-0.1635949741258066,1567457522355
11481,11481,462,Gyroscope,0.039041459786104446,-0.4236398973084751,-0.1685133792133507,1567457522357
11484,11484,462,Gyroscope,0.020670056178672618,-0.4321317928522751,-0.1736856799799493,1567457522359
11485,11485,462,Gyroscope,0.000519260835130902,-0.4394365214045861,-0.1794190162924392,1567457522361
11488,11488,462,Gyroscope,-0.02455565103560655,-0.44472866480901335,-0.1831331403801091,1567457522362
11489,11489,462,Gyroscope,-0.05196705735979984,-0.44743989331499207,-0.1835872873199574,1567457522365
11491,11491,462,Gyroscope,-0.07743474357353067,-0.44550022335392425,-0.1839206460866339,1567457522367
11493,11493,462,Gyroscope,-0.10168065132179543,-0.4356293820837417,-0.18576303687897305,1567457522369
11495,11495,462,Gyroscope,-0.12696296525794626,-0.417860951832979,-0.18662332120933314,1567457522371
11497,11497,462,Gyroscope,-0.1509844834522604,-0.39510499681095773,-0.18716834714024294,1567457522373
11499,11499,462,Gyroscope,-0.16993158720207993,-0.36684764247530277,-0.19271775420952608,1567457522375
11502,11502,462,Gyroscope,-0.18313657758363794,-0.3308578256482301,-0.20420161468151277,1567457522376
11503,11503,462,Gyroscope,-0.19156024711358322,-0.29073827752375303,-0.21608909720974873,1567457522379
11505,11505,462,Gyroscope,-0.19580442311591065,-0.2529288193538537,-0.22487461380589288,1567457522381
11508,11508,462,Gyroscope,-0.19584690433293978,-0.21776993185158117,-0.2317533934613138,1567457522383
11510,11510,462,Gyroscope,-0.19048792008429166,-0.1809388669886528,-0.23694094525797832,1567457522385
11512,11512,462,Gyroscope,-0.17912875714598048,-0.14183137908758406,-0.2387428876469187,1567457522387
11514,11514,462,Gyroscope,-0.16353408708643413,-0.10481657314404605,-0.2381310236015614,1567457522388
11516,11516,462,Gyroscope,-0.1447330879370386,-0.07315949064715019,-0.23845827546296947,1567457522391
11518,11518,462,Gyroscope,-0.12125882176823177,-0.04626063410752754,-0.24088686241958757,1567457522393
11520,11520,462,Gyroscope,-0.09333862159827194,-0.022617329086657607,-0.2440266664728878,1567457522395
11522,11522,462,Gyroscope,-0.06434722796009393,-0.0015432365873781638,-0.24708851966342615,1567457522397
11524,11524,462,Gyroscope,-0.03588318437441164,0.01828550739381265,-0.25049371618166394,1567457522399
11526,11526,462,Gyroscope,-0.005797597707649995,0.03904928480411478,-0.2545934460507401,1567457522400
11527,11527,462,Gyroscope,0.027451002180805782,0.061255873321691676,-0.25941941574033994,1567457522402
11529,11529,462,Gyroscope,0.06256486341075611,0.08253516476534659,-0.2643311171492355,1567457522405
11531,11531,462,Gyroscope,0.09840574321074746,0.10076456657305304,-0.2674833635331787,1567457522407
11533,11533,462,Gyroscope,0.13499381794894372,0.11648132041171283,-0.2672666633873522,1567457522409
11535,11535,462,Gyroscope,0.17091553569507367,0.13029599241734852,-0.2642233646555743,1567457522411
11537,11537,462,Gyroscope,0.2036183766049578,0.14094964286953526,-0.2594796403547984,1567457522413
11539,11539,462,Gyroscope,0.23261066041143794,0.1474267417912345,-0.25115356013698,1567457522414
11541,11541,462,Gyroscope,0.25982431932630634,0.15018235632596158,-0.23562712971674554,1567457522417
11544,11544,462,Gyroscope,0.28658939266729355,0.14987480834065578,-0.2129720649776044,1567457522419
11546,11546,462,Gyroscope,0.31147228654297343,0.14662183362075615,-0.1859910158573978,1567457522421
11548,11548,462,Gyroscope,0.33144492776723244,0.140555938803257,-0.154076934702778,1567457522423
11550,11550,462,Gyroscope,0.34424895245966997,0.1327856865869528,-0.11516590178329376,1567457522425
11552,11552,462,Gyroscope,0.3491183629685841,0.12518571100589737,-0.07167665525767117,1567457522427
11554,11554,462,Gyroscope,0.3463155022214288,0.1183235853599937,-0.02783354436056221,1567457522428
11556,11556,462,Gyroscope,0.3367284455864694,0.11092082454903535,0.013633776209266472,1567457522431
11558,11558,462,Gyroscope,0.32208205574100823,0.10257498232620502,0.04856180756219631,1567457522433
11560,11560,462,Gyroscope,0.30524748451757694,0.09460690902632835,0.07304000489114691,1567457522435
11561,11561,462,Gyroscope,0.2879040094058479,0.08666892728601115,0.08854731006371555,1567457522437
11564,11564,462,Gyroscope,0.2677358216527479,0.07561192481385262,0.09901469286445908,1567457522439
11566,11566,462,Gyroscope,0.24233384091449783,0.059756559945151264,0.10571496102991364,1567457522440
11568,11568,462,Gyroscope,0.21456788309141717,0.040963678300778114,0.10927775811416557,1567457522443
11570,11570,462,Gyroscope,0.18811109722177957,0.02036977724828773,0.1124278802605099,1567457522445
11571,11571,462,Gyroscope,0.16160952851245994,-0.0037706866512951815,0.11755870188532838,1567457522447
11574,11574,462,Gyroscope,0.13348212073442983,-0.0314785805094164,0.12424102715755106,1567457522449
11575,11575,462,Gyroscope,0.10627305478337261,-0.05879563783473105,0.13057044260158115,1567457522451
11578,11578,462,Gyroscope,0.08135391779370021,-0.08309993475512206,0.13574714825474465,1567457522453
11580,11580,462,Gyroscope,0.056156415346151504,-0.10654482934494204,0.14084281114306596,1567457522455
11582,11582,462,Gyroscope,0.029396760938279535,-0.13072474742048557,0.14700716567625877,1567457522457
11584,11584,462,Gyroscope,0.0026361657608222006,-0.1519106908605952,0.15325774667783146,1567457522459
11585,11585,462,Gyroscope,-0.023733239908101274,-0.16597914218571547,0.15726147875461213,1567457522461
11588,11588,462,Gyroscope,-0.05010439869888753,-0.17398273538785688,0.15817556432063878,1567457522462
11590,11590,462,Gyroscope,-0.07502982972874138,-0.17831983464062723,0.15787556455225688,1567457522465
11592,11592,462,Gyroscope,-0.09778878998215361,-0.1779642852968804,0.15985930764114,1567457522467
11594,11594,462,Gyroscope,-0.11970689458082198,-0.17155847657091167,0.16626929404852234,1567457522469
11596,11596,462,Gyroscope,-0.14008259948545318,-0.16111448396808997,0.17499412064933068,1567457522471
11597,11597,462,Gyroscope,-0.15614642413582042,-0.1495501198586251,0.18233511938532035,1567457522473
11599,11599,462,Gyroscope,-0.168373828783728,-0.13698789750751234,0.18964380635080258,1567457522474
11601,11601,462,Gyroscope,-0.18074465966680192,-0.1213689209653108,0.20204355630088777,1567457522477
11603,11603,462,Gyroscope,-0.19507744426700685,-0.10184687492298525,0.21896376994135175,1567457522479
11605,11605,462,Gyroscope,-0.20894718593714418,-0.07982907368472458,0.23321846998629667,1567457522481
11608,11608,462,Gyroscope,-0.21959465483894408,-0.056654886352758234,0.24135531803753038,1567457522483
11610,11610,462,Gyroscope,-0.2269321376478481,-0.03286929022984693,0.24723826334956495,1567457522484
11612,11612,462,Gyroscope,-0.23274773236360075,-0.009795754925893753,0.25401324809299125,1567457522487
11614,11614,462,Gyroscope,-0.2391804140136942,0.011442624546155484,0.25928032496697356,1567457522489
11616,11616,462,Gyroscope,-0.24688739962294018,0.031800474144951824,0.2595958222588378,1567457522491
11618,11618,462,Gyroscope,-0.2538110924811037,0.052239758597682165,0.2554076654623283,1567457522493
11620,11620,462,Gyroscope,-0.2580924978581399,0.07118302638685597,0.24948603495686456,1567457522495
11622,11622,462,Gyroscope,-0.2610635861580251,0.0867343228082388,0.24222488430352435,1567457522497
11624,11624,462,Gyroscope,-0.2642151277595678,0.09997897939100042,0.23154824502976928,1567457522499
11626,11626,462,Gyroscope,-0.26621298007204575,0.11308506612701547,0.2173359926539598,1567457522501
11627,11627,462,Gyroscope,-0.2659129215949137,0.12539932999832615,0.2022887670194956,1567457522503
11629,11629,462,Gyroscope,-0.2644246871536267,0.13486560938953984,0.18809698403895797,1567457522505
11631,11631,462,Gyroscope,-0.2621982792671521,0.14198478452294613,0.17400825569292327,1567457522507
11633,11633,462,Gyroscope,-0.25789943910218627,0.1489794255288398,0.15910453023202104,1567457522509
11635,11635,462,Gyroscope,-0.2510324319074793,0.15691018010069774,0.14347253712774832,1567457522511
11637,11637,462,Gyroscope,-0.24248238237409586,0.1666766217715459,0.1272581826037654,1567457522513
11639,11639,462,Gyroscope,-0.23264505266877883,0.17990026974847936,0.11067909252182798,1567457522515
11641,11641,462,Gyroscope,-0.22159735146012924,0.19583474654247868,0.09540295437450991,1567457522517
11643,11643,462,Gyroscope,-0.2095825859320361,0.21126985634111045,0.08366227080393102,1567457522519
11645,11645,462,Gyroscope,-0.1953019017100731,0.22536126220885472,0.07524600070635143,1567457522521
11647,11647,462,Gyroscope,-0.17720863058168213,0.23957112427158456,0.06800976887597097,1567457522523
11649,11649,462,Gyroscope,-0.157636289769073,0.25289498528655663,0.06157872862490494,1567457522525
11652,11652,462,Gyroscope,-0.14004799466390422,0.2630582887031394,0.057386928119495736,1567457522527
11654,11654,462,Gyroscope,-0.12223748657186886,0.27099566837128725,0.05524158311566636,1567457522528
11656,11656,462,Gyroscope,-0.0994295817602305,0.2786573575281978,0.05319243362300902,1567457522531
11658,11658,462,Gyroscope,-0.0732252940910996,0.28462598996450295,0.050770409365357705,1567457522533
11660,11660,462,Gyroscope,-0.04974293923807972,0.2861409890237126,0.04901207728222463,1567457522535
11662,11662,462,Gyroscope,-0.03025602301795038,0.2827638898854767,0.047377199189101576,1567457522537
11664,11664,462,Gyroscope,-0.011119394050073944,0.2753574175962368,0.04448813249699498,1567457522539
11666,11666,462,Gyroscope,0.008609288801302363,0.2647226323401143,0.04123635389116893,1567457522541
11668,11668,462,Gyroscope,0.026077759362052453,0.25215215345227465,0.03878537157969863,1567457522543
11670,11670,462,Gyroscope,0.040080553145060156,0.23731215344046486,0.03551903717173554,1567457522545
11672,11672,462,Gyroscope,0.052556843795183994,0.2169788365663933,0.030648073189317053,1567457522547
11674,11674,462,Gyroscope,0.06459269310280845,0.19018368152957407,0.027499280864247487,1567457522549
11675,11675,462,Gyroscope,0.07460492776858685,0.16035223601433404,0.028693737414482053,1567457522551
11677,11677,462,Gyroscope,0.08183547815866091,0.12909351005485542,0.03192269254544659,1567457522553
11679,11679,462,Gyroscope,0.08820167588832072,0.09471435277247692,0.034264516965111784,1567457522555
11681,11681,462,Gyroscope,0.09402035614285492,0.057647632829131296,0.03676420535498941,1567457522557
11683,11683,462,Gyroscope,0.0955231132739954,0.020157732876751835,0.04145344588027744,1567457522559
11686,11686,462,Gyroscope,0.09029713367543032,-0.016714055930912363,0.0469936018737351,1567457522561
11688,11688,462,Gyroscope,0.08196253896263549,-0.050845221851220174,0.05021233869585938,1567457522563
11690,11690,462,Gyroscope,0.07557132018384247,-0.07888539460660134,0.050179547025800415,1567457522565
11692,11692,462,Gyroscope,0.07088696977817113,-0.10100834531241719,0.048549209901793754,1567457522567
11694,11694,462,Gyroscope,0.06403158475929856,-0.12080955346255388,0.04678430283802549,1567457522569
11696,11696,462,Gyroscope,0.05415552415169877,-0.139691265748116,0.044793991790834785,1567457522571
11698,11698,462,Gyroscope,0.04426564090814772,-0.15495156063135482,0.04206328579736207,1567457522572
11700,11700,462,Gyroscope,0.035762121190379983,-0.16373688031048428,0.0390185391733431,1567457522575
11702,11702,462,Gyroscope,0.02677883177510992,-0.1664321114035683,0.036739885577677774,1567457522577
11704,11704,462,Gyroscope,0.016770012432019886,-0.16556762327653185,0.03506142508205345,1567457522579
11706,11706,462,Gyroscope,0.008464359807663599,-0.1627787164191778,0.032120019603757204,1567457522581
11708,11708,462,Gyroscope,0.0039435286509468545,-0.15743831203481343,0.02741747679808875,1567457522583
11709,11709,462,Gyroscope,0.0015596261884005752,-0.14827720756399992,0.023590750471864763,1567457522584
11712,11712,462,Gyroscope,-0.001837271655983669,-0.13609518418365293,0.02273645053556539,1567457522587
11714,11714,462,Gyroscope,-0.006264386698112707,-0.12308479872916417,0.023292892263318057,1567457522589
11715,11715,462,Gyroscope,-0.00801147932984621,-0.10919149926065186,0.023349277858930127,1567457522591
11717,11717,462,Gyroscope,-0.005177220697208091,-0.0922029506701727,0.024444576147682404,1567457522593
11719,11719,462,Gyroscope,-0.0011979004826987091,-0.0718003691951753,0.028970463374440807,1567457522594
11721,11721,462,Gyroscope,0.0005037836793183049,-0.04992747731553462,0.03574970922939913,1567457522597
11723,11723,462,Gyroscope,0.001959974249469196,-0.027046359512305163,0.04113272517993437,1567457522599
11725,11725,462,Gyroscope,0.006226229762074882,-0.0019510609924128395,0.04380546822967698,1567457522601
11727,11727,462,Gyroscope,0.01160481090527309,0.024706439307518726,0.046117693797461314,1567457522603
11729,11729,462,Gyroscope,0.01506515195534017,0.051162931826316045,0.050282226608805505,1567457522605
11731,11731,462,Gyroscope,0.017457234396342988,0.07809451277801274,0.05537276475430396,1567457522607
11733,11733,462,Gyroscope,0.02155844396420198,0.106155784534517,0.05898555622356159,1567457522609
11735,11735,462,Gyroscope,0.028021899082123526,0.13250733546809818,0.0602285129237254,1567457522611
11737,11737,462,Gyroscope,0.03533357109328811,0.15496285670703341,0.060470231539702726,1567457522613
11739,11739,462,Gyroscope,0.041757255848747725,0.1749191492020987,0.06171377769880933,1567457522615
11741,11741,462,Gyroscope,0.04670937396757155,0.19299775796441157,0.06390597821818968,1567457522617
11743,11743,462,Gyroscope,0.05144896648327521,0.2076078005691278,0.06460094932496115,1567457522619
11745,11745,462,Gyroscope,0.058053630925342284,0.21837970293423037,0.06235518502093994,1567457522621
11747,11747,462,Gyroscope,0.06677825716509818,0.22615158434893945,0.05866832636918425,1567457522623
11749,11749,462,Gyroscope,0.07517654042757696,0.23081857137317535,0.0553320285949637,1567457522625
11751,11751,462,Gyroscope,0.08114348124281168,0.23175686609119023,0.052136436471694234,1567457522627
11753,11753,462,Gyroscope,0.08637896449581141,0.22848770762191578,0.04844470531354381,1567457522629
11755,11755,462,Gyroscope,0.09449267217471186,0.22049494559448798,0.044913623107093875,1567457522631
11757,11757,462,Gyroscope,0.10556588756380744,0.2083006856944256,0.042218097696556,1567457522633
11759,11759,462,Gyroscope,0.11624714652686396,0.1939195722397663,0.039550561020576136,1567457522635
11761,11761,462,Gyroscope,0.12544225753409144,0.17815297924153328,0.03584252060534972,1567457522637
11763,11763,462,Gyroscope,0.13501224941643847,0.1588580509887891,0.0316361306447265,1567457522639
11765,11765,462,Gyroscope,0.14491063392609785,0.13452270515406534,0.028375743014495716,1567457522641
11767,11767,462,Gyroscope,0.15314152832762276,0.10759602781469638,0.025998801716901238,1567457522643
11769,11769,462,Gyroscope,0.15970683751081777,0.08162079583936904,0.02286334877028661,1567457522645
11771,11771,462,Gyroscope,0.16517587081879653,0.057675241171239,0.018756248024129445,1567457522647
11773,11773,462,Gyroscope,0.1675664922783365,0.035005077886423444,0.015565927026537522,1567457522649
11775,11775,462,Gyroscope,0.16583606342472182,0.012282029368738605,0.01382878501072705,1567457522651
11777,11777,462,Gyroscope,0.16337593624052632,-0.011063108302266885,0.01208425796762122,1567457522653
11779,11779,462,Gyroscope,0.16353603002519954,-0.03286334941242574,0.010506657597917269,1567457522655
11781,11781,462,Gyroscope,0.16458706072250928,-0.050320009742437055,0.010876985898403385,1567457522657
11783,11783,462,Gyroscope,0.16261498174285532,-0.06470356576041675,0.01281895006306407,1567457522659
11785,11785,462,Gyroscope,0.1573062834321332,-0.08017517479784286,0.014396616786509962,1567457522661
11787,11787,462,Gyroscope,0.15194960339696298,-0.09764808287131906,0.01561266653139142,1567457522663
11789,11789,462,Gyroscope,0.14857176131460972,-0.11356491144074488,0.01767281276108261,1567457522665
11791,11791,462,Gyroscope,0.14559914769817808,-0.12532104272921113,0.020637120487092455,1567457522667
11793,11793,462,Gyroscope,0.14072571812964715,-0.13420181381314078,0.0240785218605025,1567457522669
11796,11796,462,Gyroscope,0.13406766124418623,-0.14208759809944968,0.027307754851911607,1567457522671
11797,11797,462,Gyroscope,0.12692860535655615,-0.14904342863066702,0.0286153102974388,1567457522673
11800,11800,462,Gyroscope,0.11879020794001946,-0.15498717684245372,0.02780175419018833,1567457522675
11802,11802,462,Gyroscope,0.10818425638972151,-0.16022705598284528,0.02802515626492403,1567457522677
11804,11804,462,Gyroscope,0.09613472695048109,-0.16397427897202094,0.03132431878633285,1567457522679
11806,11806,462,Gyroscope,0.08556301437585989,-0.16522399845491678,0.03477450034735468,1567457522681
11808,11808,462,Gyroscope,0.0772008195418397,-0.1649945438427593,0.0349351390274133,1567457522683
11809,11809,462,Gyroscope,0.06912002544810056,-0.16522953077878022,0.03345597847973833,1567457522685
11812,11812,462,Gyroscope,0.05990049558024356,-0.16557710612849497,0.034194866751571074,1567457522687
11814,11814,462,Gyroscope,0.04939486433985879,-0.1635019573501508,0.03687509582554213,1567457522689
11816,11816,462,Gyroscope,0.03738550430412164,-0.1579351332854833,0.03799986551098334,1567457522691
11818,11818,462,Gyroscope,0.024287799904710375,-0.1507499056779589,0.03695831953406751,1567457522693
11820,11820,462,Gyroscope,0.012226362428364081,-0.14375131120530393,0.03683170524348078,1567457522695
11822,11822,462,Gyroscope,0.002682279147600881,-0.13617005659932385,0.03905599923189618,1567457522697
11823,11823,462,Gyroscope,-0.006219253981798716,-0.12693075341178142,0.04103224532926467,1567457522699
11826,11826,462,Gyroscope,-0.01698016971066502,-0.1176529654929479,0.040094616889719145,1567457522701
11827,11827,462,Gyroscope,-0.02822448516536603,-0.11019675024199915,0.03714947001815775,1567457522703
11830,11830,462,Gyroscope,-0.036811596801928526,-0.10256224620196436,0.03498845264310536,1567457522705
11832,11832,462,Gyroscope,-0.04291445037092305,-0.09169829516238881,0.03498034112120711,1567457522707
11834,11834,462,Gyroscope,-0.0485754431651942,-0.07931132222376666,0.03662293819931936,1567457522709
11836,11836,462,Gyroscope,-0.053375337447148154,-0.06971667818459842,0.038364591727172825,1567457522711
11838,11838,462,Gyroscope,-0.05611468400480642,-0.0629101410133428,0.038030513913793494,1567457522713
11840,11840,462,Gyroscope,-0.058578432012112214,-0.05513823666765348,0.034986368096282874,1567457522715
11842,11842,462,Gyroscope,-0.06309943074804372,-0.04559725303406709,0.03205218218012575,1567457522717
11844,11844,462,Gyroscope,-0.0678900199875562,-0.03726199325644825,0.031756029778375494,1567457522719
11846,11846,462,Gyroscope,-0.06901936097182451,-0.03129054016199017,0.03158220252872695,1567457522721
11848,11848,462,Gyroscope,-0.06640041657959944,-0.025526621640174874,0.02766684982417921,1567457522723
11850,11850,462,Gyroscope,-0.06401057362560288,-0.018705945711321725,0.021628611860259717,1567457522725
11852,11852,462,Gyroscope,-0.06413151165709327,-0.01201637934631333,0.01836001746293785,1567457522727
11854,11854,462,Gyroscope,-0.06474103282661214,-0.0064373028870267635,0.018392344125466864,1567457522729
11856,11856,462,Gyroscope,-0.06335473748572393,-0.001629129691595068,0.017542899516975158,1567457522731
11858,11858,462,Gyroscope,-0.06076611304036067,0.002878673964062299,0.01357993918456802,1567457522733
11860,11860,462,Gyroscope,-0.059331411313272166,0.007438869733119361,0.008661090465806064,1567457522735
11861,11861,462,Gyroscope,-0.05905507748551237,0.012415957473165035,0.004819761655096124,1567457522737
11863,11863,462,Gyroscope,-0.05766058209557996,0.017398449586026047,0.0011151128147083725,1567457522739
11865,11865,462,Gyroscope,-0.054277948131987164,0.021584681603825928,-0.003660928913845457,1567457522741
11868,11868,462,Gyroscope,-0.05074604120981345,0.02546950541964329,-0.008542682450170858,1567457522743
11869,11869,462,Gyroscope,-0.04879625558185803,0.030278800200353492,-0.012137375521119396,1567457522745
11871,11871,462,Gyroscope,-0.04792500522924173,0.035548602794917034,-0.015061922947409993,1567457522747
11873,11873,462,Gyroscope,-0.04682256245775082,0.03956366485342664,-0.01882070350847717,1567457522749
11875,11875,462,Gyroscope,-0.04541784966059319,0.0422270046842671,-0.022982600031776938,1567457522751
11877,11877,462,Gyroscope,-0.044338994696914505,0.04493903291964556,-0.02577816238026722,1567457522753
11879,11879,462,Gyroscope,-0.04293384153556974,0.04776186100336116,-0.02738712055348712,1567457522755
11881,11881,462,Gyroscope,-0.039298901190870796,0.04946453122607723,-0.029996888948031382,1567457522757
11884,11884,462,Gyroscope,-0.032908100172927696,0.05018358483359425,-0.03419920989353062,1567457522759
11886,11886,462,Gyroscope,-0.02620462506495671,0.05148517191469081,-0.03805436931948981,1567457522761
11888,11888,462,Gyroscope,-0.02221616228755475,0.053877181302801246,-0.04066491070142203,1567457522763
11890,11890,462,Gyroscope,-0.020648425026512946,0.055766350254829934,-0.04379700373722041,1567457522765
11892,11892,462,Gyroscope,-0.017862434715816805,0.05494752764508348,-0.04854509979999786,1567457522767
11894,11894,462,Gyroscope,-0.011580403669461,0.05123642496255651,-0.053350089218594604,1567457522769
11896,11896,462,Gyroscope,-0.003978044814431835,0.04739612281934024,-0.05683828274240969,1567457522771
11898,11898,462,Gyroscope,0.0017149656288286803,0.04572180895717792,-0.05986371770345529,1567457522773
11900,11900,462,Gyroscope,0.005876887001203557,0.04410391568860242,-0.0634707853889109,1567457522776
11902,11902,462,Gyroscope,0.010953012801040163,0.03850454737806546,-0.06718611020527233,1567457522777
11904,11904,462,Gyroscope,0.01700962919517747,0.028817288298755996,-0.07029745636144956,1567457522779
11906,11906,462,Gyroscope,0.022270494762844675,0.01848840548540307,-0.07304505152054767,1567457522781
11907,11907,462,Gyroscope,0.026953715629389495,0.009099328574782063,-0.07611804995010983,1567457522783
11909,11909,462,Gyroscope,0.03318877669784703,-0.0006600520407650243,-0.08020365214692377,1567457522785
11911,11911,462,Gyroscope,0.041342771621594554,-0.011770806444672871,-0.08553951481684643,1567457522787
11914,11914,462,Gyroscope,0.04934332425918122,-0.024245156783261702,-0.09105996557127566,1567457522789
11916,11916,462,Gyroscope,0.05596481502093763,-0.03802287092744937,-0.09527047898106397,1567457522791
11918,11918,462,Gyroscope,0.06234002293553427,-0.05197343677243905,-0.09838064701862549,1567457522793
11920,11920,462,Gyroscope,0.06998238462105896,-0.06465069430356155,-0.10211715930997162,1567457522795
11922,11922,462,Gyroscope,0.07909006320234951,-0.07726954642299298,-0.10745445349787508,1567457522798
11924,11924,462,Gyroscope,0.08866283791539062,-0.09214389808413852,-0.11351826362606462,1567457522799
11926,11926,462,Gyroscope,0.09753148104868802,-0.10813322158878955,-0.11879002311308956,1567457522801
11928,11928,462,Gyroscope,0.10537125069565112,-0.12205343944232333,-0.12314604915071062,1567457522803
11930,11930,462,Gyroscope,0.11238190551776289,-0.13380362295136247,-0.12784048115442376,1567457522805
11931,11931,462,Gyroscope,0.11832489706000068,-0.1459210984163146,-0.1332546324035489,1567457522807
11933,11933,462,Gyroscope,0.12281062228247214,-0.15899123948504362,-0.13846647358455508,1567457522809
11935,11935,462,Gyroscope,0.12613756978614643,-0.17078092219567653,-0.14311531530611196,1567457522811
11937,11937,462,Gyroscope,0.12904428941601664,-0.17945432200926956,-0.14752256980282882,1567457522813
11939,11939,462,Gyroscope,0.13162186794284134,-0.18545890076705693,-0.1513235237089181,1567457522815
11942,11942,462,Gyroscope,0.1332737724666081,-0.19034104549793449,-0.15383917873311814,1567457522817
11944,11944,462,Gyroscope,0.1340366928204878,-0.1948734761826897,-0.155519100087532,1567457522819
11946,11946,462,Gyroscope,0.13434837734031563,-0.19801154896842857,-0.1578675875997158,1567457522822
11948,11948,462,Gyroscope,0.1336368021886731,-0.1976036062852081,-0.16152897139588684,1567457522823
11950,11950,462,Gyroscope,0.13162852369205635,-0.19293816226731272,-0.16503149665573433,1567457522825
11952,11952,462,Gyroscope,0.129439297269755,-0.18535120966770002,-0.16667352515281314,1567457522827
11954,11954,462,Gyroscope,0.1264467513693632,-0.17570185323732837,-0.16714699752253323,1567457522829
11956,11956,462,Gyroscope,0.11962824896157405,-0.1637671477331629,-0.16865552586264215,1567457522831
11958,11958,462,Gyroscope,0.10913625351416416,-0.1495254194336202,-0.17214403490591654,1567457522834
11960,11960,462,Gyroscope,0.1000577043898562,-0.1323325566150788,-0.17649400563858714,1567457522835
11962,11962,462,Gyroscope,0.09552291915882,-0.11147316810143176,-0.17947295427060125,1567457522837
11964,11964,462,Gyroscope,0.09215521279334377,-0.08927764348727771,-0.17964258537851427,1567457522839
11966,11966,462,Gyroscope,0.08506718752836993,-0.0694222882739782,-0.17834065019443554,1567457522841
11968,11968,462,Gyroscope,0.07398734061040717,-0.05158985407095933,-0.17820934626194634,1567457522843
11969,11969,462,Gyroscope,0.0621677734600774,-0.032427151746064246,-0.179252441622355,1567457522845
11971,11971,462,Gyroscope,0.051834563280769706,-0.011532256198351475,-0.17921767432681818,1567457522847
11973,11973,462,Gyroscope,0.04252146538012272,0.007915003406360515,-0.17765165094961366,1567457522849
11975,11975,462,Gyroscope,0.03270478817722412,0.024102380682512407,-0.1758748465073502,1567457522851
11977,11977,462,Gyroscope,0.022132292458375065,0.038185704513202925,-0.17396487127771793,1567457522853
11979,11979,462,Gyroscope,0.01184623440278209,0.05128443526995255,-0.17146251798910042,1567457522855
11981,11981,462,Gyroscope,0.0020958537699670705,0.06295371327776494,-0.168962121740941,1567457522858
11983,11983,462,Gyroscope,-0.007594679270316113,0.07225560099571612,-0.16590209862525707,1567457522859
11985,11985,462,Gyroscope,-0.016607162995928144,0.07873665957216144,-0.16019062634642228,1567457522861
11987,11987,462,Gyroscope,-0.024294886876133757,0.08280795736804539,-0.15241279904353885,1567457522863
11989,11989,462,Gyroscope,-0.031932109313071284,0.08571613866608192,-0.14586396380437006,1567457522865
11992,11992,462,Gyroscope,-0.04099062646565841,0.08889460502134663,-0.14075987611713645,1567457522867
11994,11994,462,Gyroscope,-0.05083321204897495,0.09287618382455498,-0.13387482069624174,1567457522869
11996,11996,462,Gyroscope,-0.059964985454438874,0.09668827887646596,-0.12489524663656411,1567457522871
11998,11998,462,Gyroscope,-0.0677409975558848,0.09898140381930666,-0.11692148832478838,1567457522873
12000,12000,462,Gyroscope,-0.07400179107912774,0.09980169094694372,-0.1100617650906918,1567457522875
12002,12002,462,Gyroscope,-0.07947827166776353,0.10034445031642597,-0.10116087473301073,1567457522877
12004,12004,462,Gyroscope,-0.08613405265693778,0.10123290881657296,-0.09024865451771144,1567457522879
12005,12005,462,Gyroscope,-0.09429485191096718,0.10212885493715422,-0.080525057731288,1567457522882
12007,12007,462,Gyroscope,-0.10114126195930408,0.1026908800501441,-0.07240226751410721,1567457522883
12010,12010,462,Gyroscope,-0.10479533606466938,0.10265901104652603,-0.06434080004684296,1567457522885
12012,12012,462,Gyroscope,-0.10738255392589276,0.10097734880574044,-0.05735684570914222,1567457522887
12014,12014,462,Gyroscope,-0.11123114528138817,0.09621317865539006,-0.05196818642695801,1567457522889
12016,12016,462,Gyroscope,-0.11476123712856785,0.08863635328023871,-0.04516016884231107,1567457522891
12018,12018,462,Gyroscope,-0.1154402836547189,0.080733270384304,-0.03637627812705246,1567457522893
12020,12020,462,Gyroscope,-0.11410679010212166,0.0742268339809827,-0.030022398299700315,1567457522895
12022,12022,462,Gyroscope,-0.1127968796811826,0.06743292291263225,-0.027577327605491,1567457522897
12024,12024,462,Gyroscope,-0.11138531032308051,0.05768044530008673,-0.024867624923675898,1567457522899
12026,12026,462,Gyroscope,-0.10940363132572503,0.04584642106074786,-0.019873399317037837,1567457522901
12028,12028,462,Gyroscope,-0.10721146141121825,0.03524706880705128,-0.015560118973273859,1567457522903
12030,12030,462,Gyroscope,-0.10353661678923304,0.02602293298050587,-0.013580155380692387,1567457522905
12032,12032,462,Gyroscope,-0.09655517236420116,0.015262104500745348,-0.01192645657001572,1567457522907
12034,12034,462,Gyroscope,-0.08797946340066895,0.0031172241360001387,-0.009540341271901513,1567457522910
12036,12036,462,Gyroscope,-0.08132434613252403,-0.006965236493290099,-0.008057776364575196,1567457522911
12037,12037,462,Gyroscope,-0.07623819928954303,-0.014665760354217459,-0.008552448563308165,1567457522913
12039,12039,462,Gyroscope,-0.0688167779925773,-0.023257431254171415,-0.010000210680921382,1567457522915
12041,12041,462,Gyroscope,-0.057817730062445845,-0.033318366147585335,-0.01153567162586323,1567457522918
12043,12043,462,Gyroscope,-0.04701997423119994,-0.04228140905246692,-0.014094253165186334,1567457522919
12045,12045,462,Gyroscope,-0.03997851745952913,-0.05031322456011736,-0.01851056752752322,1567457522921
12047,12047,462,Gyroscope,-0.035192287851516485,-0.06030974855635397,-0.023375867715146593,1567457522923
12049,12049,462,Gyroscope,-0.028820081238670053,-0.07223405756671337,-0.026761482257205142,1567457522926
12052,12052,462,Gyroscope,-0.020225768853540004,-0.08301957731771314,-0.028703465557055267,1567457522927
12054,12054,462,Gyroscope,-0.012278535582686942,-0.0911689145533478,-0.03017076845450214,1567457522929
12056,12056,462,Gyroscope,-0.007010922514771492,-0.0975700203645504,-0.03146326678233794,1567457522931
12058,12058,462,Gyroscope,-0.003029850787589288,-0.10357346983501513,-0.03268468201008186,1567457522933
12060,12060,462,Gyroscope,0.002214238468998539,-0.11015380462279331,-0.033882002077287116,1567457522935
12062,12062,462,Gyroscope,0.008541181200034003,-0.11702545635733237,-0.0348491912758276,1567457522938
12064,12064,462,Gyroscope,0.01317628317820652,-0.12255717782045525,-0.0362275040982193,1567457522939
12066,12066,462,Gyroscope,0.015126331010717298,-0.126108250082991,-0.03937030286147296,1567457522941
12068,12068,462,Gyroscope,0.016941613451690485,-0.1291117503111223,-0.04386933727876144,1567457522943
12070,12070,462,Gyroscope,0.020785612185318925,-0.13252527332264014,-0.04737251892309423,1567457522945
12072,12072,462,Gyroscope,0.025469106746455174,-0.13546114600219591,-0.04896338291064564,1567457522947
12074,12074,462,Gyroscope,0.028948888538483746,-0.13781997437512092,-0.05011798553611668,1567457522949
12076,12076,462,Gyroscope,0.031108254880761625,-0.14148042856196097,-0.05159041483720492,1567457522952
12078,12078,462,Gyroscope,0.03261338107525231,-0.14710833342317667,-0.05251986495359484,1567457522953
12080,12080,462,Gyroscope,0.03334440205034855,-0.15257901957341558,-0.052926459236912776,1567457522955
12082,12082,462,Gyroscope,0.033358739537825526,-0.1563396677115373,-0.05361974635728583,1567457522957
12084,12084,462,Gyroscope,0.033413342727177636,-0.15953971692178398,-0.053841030875095494,1567457522959
12086,12086,462,Gyroscope,0.03331281148409357,-0.1629721713205885,-0.05215118336080064,1567457522961
12088,12088,462,Gyroscope,0.032064471531017255,-0.16514395480742888,-0.0487476412958998,1567457522963
12090,12090,462,Gyroscope,0.030417679682779673,-0.16554622623386764,-0.04464200776614268,1567457522965
12092,12092,462,Gyroscope,0.02989233894822719,-0.16599131912878,-0.040232986352388735,1567457522967
12094,12094,462,Gyroscope,0.029183581832690875,-0.166462102163081,-0.03598839135358041,1567457522969
12095,12095,462,Gyroscope,0.02562168254918236,-0.16375065086671897,-0.03237486458880693,1567457522971
12098,12098,462,Gyroscope,0.019419880115754313,-0.15615973753910228,-0.028596338659406993,1567457522973
12100,12100,462,Gyroscope,0.012723555663728077,-0.14604291643960135,-0.02375925487319873,1567457522975
12102,12102,462,Gyroscope,0.006310307456061277,-0.13628303789825275,-0.01895862184722907,1567457522977
12104,12104,462,Gyroscope,-6.517063473700777e-05,-0.12659381139898893,-0.015300619747672248,1567457522979
12106,12106,462,Gyroscope,-0.00636804006120594,-0.11477774937761215,-0.01117117375476466,1567457522981
12108,12108,462,Gyroscope,-0.012698009295543579,-0.100795615702828,-0.0053945249336638645,1567457522983
12109,12109,462,Gyroscope,-0.01923076852193866,-0.08747957470700433,-0.0008146705912455745,1567457522986
12112,12112,462,Gyroscope,-0.025802328858096475,-0.07691668704560548,-3.172253372021171e-05,1567457522987
12114,12114,462,Gyroscope,-0.03264159136611369,-0.06854186029159123,-0.0006890689818570519,1567457522989
12116,12116,462,Gyroscope,-0.04054375445818799,-0.06115929511304549,0.00042468968956608247,1567457522992
12118,12118,462,Gyroscope,-0.04962287285800304,-0.05465102656141485,0.0022435081672377293,1567457522993
12120,12120,462,Gyroscope,-0.059152589483955194,-0.04954305001941728,0.0018568306111149673,1567457522995
12121,12121,462,Gyroscope,-0.06881829101524226,-0.04607096858470308,-0.0015920127392802508,1567457522997
12123,12123,462,Gyroscope,-0.07829132877873807,-0.043784728349820806,-0.007046834051575585,1567457523000
12126,12126,462,Gyroscope,-0.08574404837046486,-0.0420301876802385,-0.01259900868842411,1567457523001
12127,12127,462,Gyroscope,-0.08968177053631472,-0.04062111112173765,-0.01688630005344853,1567457523003
12129,12129,462,Gyroscope,-0.09233841469330813,-0.039719218080600985,-0.020979522587178306,1567457523005
12131,12131,462,Gyroscope,-0.09774339939144645,-0.03957170813015204,-0.026565297175930515,1567457523008
12133,12133,462,Gyroscope,-0.10602161510678312,-0.04041666453854605,-0.03246053154607722,1567457523009
12135,12135,462,Gyroscope,-0.11305998751337226,-0.04178297147228003,-0.036457663477878044,1567457523011
12137,12137,462,Gyroscope,-0.11611286476137084,-0.042207663544362034,-0.03920022653474552,1567457523013
12139,12139,462,Gyroscope,-0.1165665952972825,-0.040464957086194075,-0.042541724052487746,1567457523016
12142,12142,462,Gyroscope,-0.11690365253138599,-0.03648602314286771,-0.045913583040190845,1567457523017
12144,12144,462,Gyroscope,-0.1177081140845305,-0.030943596725115718,-0.04741284262241023,1567457523019
12146,12146,462,Gyroscope,-0.11829811384700167,-0.024801490190309132,-0.04719218843396861,1567457523022
12148,12148,462,Gyroscope,-0.11819779289651182,-0.018534231199505764,-0.04752017508741409,1567457523023
12150,12150,462,Gyroscope,-0.1170123932538157,-0.011125800009702019,-0.04934641251247629,1567457523025
12152,12152,462,Gyroscope,-0.11412559275177458,-0.0014018301802112385,-0.05034839203648696,1567457523028
12154,12154,462,Gyroscope,-0.10945055626321887,0.009636779300798926,-0.048051358079670904,1567457523029
12156,12156,462,Gyroscope,-0.10399987073464187,0.019798804289793876,-0.04346696134379012,1567457523031
12158,12158,462,Gyroscope,-0.09888871834076407,0.028503882407614305,-0.03904957089158309,1567457523034
12160,12160,462,Gyroscope,-0.09380274438621271,0.03682129172453236,-0.035026743689030866,1567457523035
12162,12162,462,Gyroscope,-0.0874969978281454,0.045260642677295786,-0.030654822504192235,1567457523037
12164,12164,462,Gyroscope,-0.07986161532256696,0.052942782938745186,-0.026459614188974023,1567457523039
12166,12166,462,Gyroscope,-0.07231102092578275,0.058882986275334975,-0.022254435217501936,1567457523042
12168,12168,462,Gyroscope,-0.06610825354366727,0.06296447190607463,-0.01573884222212883,1567457523043
12170,12170,462,Gyroscope,-0.061111286713107255,0.06549504362828504,-0.0061844044881004395,1567457523045
12172,12172,462,Gyroscope,-0.056318052445417474,0.06659290904709944,0.0029941690953458606,1567457523048
12174,12174,462,Gyroscope,-0.051166177785191225,0.06555207270156023,0.008841730127071894,1567457523049
12176,12176,462,Gyroscope,-0.0457528902582473,0.060557852771746926,0.013734983962250898,1567457523051
12178,12178,462,Gyroscope,-0.04048631645081888,0.050942970493522394,0.02147035630743948,1567457523053
12180,12180,462,Gyroscope,-0.036324116772167056,0.0397251054924745,0.030690285552570203,1567457523056
12182,12182,462,Gyroscope,-0.034084296382920556,0.030571243786400755,0.037074421440326355,1567457523057
12184,12184,462,Gyroscope,-0.03299359814269404,0.022205023233809525,0.040395450977237755,1567457523059
12186,12186,462,Gyroscope,-0.03161924473901785,0.010196114579902365,0.04447138420601501,1567457523061
12188,12188,462,Gyroscope,-0.030140934850792396,-0.005641512121357615,0.05090773160158883,1567457523064
12190,12190,462,Gyroscope,-0.02981500461241571,-0.020963570782431492,0.05749597700427418,1567457523065
12192,12192,462,Gyroscope,-0.03077718660278008,-0.033974063628188916,0.06288034983513127,1567457523067
12193,12193,462,Gyroscope,-0.03231890431562012,-0.04677362251091693,0.06860016670031469,1567457523069
12196,12196,462,Gyroscope,-0.03472519415459423,-0.05963279705933293,0.07605439643057978,1567457523071
12198,12198,462,Gyroscope,-0.03906607051936179,-0.06947801920887324,0.0846737076917628,1567457523074
12200,12200,462,Gyroscope,-0.04522758632801279,-0.07435160186525715,0.092927223477278,1567457523076
12202,12202,462,Gyroscope,-0.05126302554979956,-0.0758118856409741,0.09938448702125466,1567457523077
12204,12204,462,Gyroscope,-0.0556128399079244,-0.07646129872060412,0.1039518735788062,1567457523079
12206,12206,462,Gyroscope,-0.0597678994928705,-0.07667564135323596,0.10836056459317013,1567457523081
12208,12208,462,Gyroscope,-0.06657262569637089,-0.07468498916456016,0.11369633594889816,1567457523083
12210,12210,462,Gyroscope,-0.07557273824101826,-0.06936728033096229,0.11819090915678526,1567457523086
12212,12212,462,Gyroscope,-0.08370768192363628,-0.061469294879617095,0.11988915689515926,1567457523088
12214,12214,462,Gyroscope,-0.09089299039817403,-0.05220881668418906,0.12070188764060655,1567457523089
12216,12216,462,Gyroscope,-0.0998230516623606,-0.04221656645682457,0.12426112175445139,1567457523091
12218,12218,462,Gyroscope,-0.10999672256563145,-0.03180498592401323,0.1299466802203127,1567457523093
12220,12220,462,Gyroscope,-0.11761872082533176,-0.02122617982926798,0.1334173680394939,1567457523095
12222,12222,462,Gyroscope,-0.12203669241336289,-0.010467909944794261,0.13291739831136407,1567457523098
12224,12224,462,Gyroscope,-0.1270612669592957,0.00085333955306049,0.13062497358901748,1567457523099
12226,12226,462,Gyroscope,-0.13473535840325065,0.012851135577231427,0.12855176071531454,1567457523101
12228,12228,462,Gyroscope,-0.14240185149862938,0.024854385126340785,0.12686745146670073,1567457523103
12230,12230,462,Gyroscope,-0.14769285356036077,0.03635198985387022,0.12540105516817762,1567457523105
12232,12232,462,Gyroscope,-0.15187888862969973,0.04756088760427772,0.12451053324608818,1567457523108
12234,12234,462,Gyroscope,-0.15591175618319655,0.05836818197509335,0.12464578384026477,1567457523110
12236,12236,462,Gyroscope,-0.1577718860102192,0.06830969356832489,0.12570472796521542,1567457523111
12238,12238,462,Gyroscope,-0.1565687965895534,0.0776679655715209,0.12711063361925984,1567457523113
12240,12240,462,Gyroscope,-0.15501207505587647,0.08704967111328578,0.12839330171518365,1567457523115
12242,12242,462,Gyroscope,-0.1548378642505463,0.09655732915498608,0.12945320738287175,1567457523117
12244,12244,462,Gyroscope,-0.1534454802125278,0.10617614537069678,0.13088440752051755,1567457523120
12246,12246,462,Gyroscope,-0.1484613341530308,0.11582673015008413,0.13373354369838164,1567457523121
12248,12248,462,Gyroscope,-0.14269812593483816,0.12490541997415136,0.13778417805023147,1567457523123
12250,12250,462,Gyroscope,-0.14013389383603872,0.13283463559207292,0.1415258614248068,1567457523125
12252,12252,462,Gyroscope,-0.13899912092934402,0.1397633532503181,0.14493496870892542,1567457523127
12254,12254,462,Gyroscope,-0.13436816001235322,0.14620092579586524,0.14935261361303176,1567457523130
12256,12256,462,Gyroscope,-0.12622476928552684,0.15272893914268124,0.1540541075226545,1567457523132
12258,12258,462,Gyroscope,-0.11902022128498177,0.15979202701154038,0.15701533575332355,1567457523133
12260,12260,462,Gyroscope,-0.11443775042654081,0.1667060383616576,0.15900298884423006,1567457523135
12262,12262,462,Gyroscope,-0.11025339060203433,0.17210792685001713,0.1627646063587245,1567457523137
12264,12264,462,Gyroscope,-0.10531863777138126,0.17586549502427473,0.16873601200585273,1567457523139
12266,12266,462,Gyroscope,-0.10056995272537028,0.17830335992924168,0.1747066239376338,1567457523142
12268,12268,462,Gyroscope,-0.09558610379992707,0.17848046888943264,0.1787169501504802,1567457523143
12269,12269,462,Gyroscope,-0.08875841162981944,0.17609196232983376,0.18041903755436609,1567457523145
12272,12272,462,Gyroscope,-0.08112616684583268,0.17302460328525632,0.1809013763329088,1567457523147
12274,12274,462,Gyroscope,-0.07573828764282688,0.17075684762987708,0.1819955825435718,1567457523149
12275,12275,462,Gyroscope,-0.07255458496493225,0.16863248428707384,0.1844794990915392,1567457523151
12277,12277,462,Gyroscope,-0.06835012533403804,0.16567931795428414,0.186886392650211,1567457523154
12279,12279,462,Gyroscope,-0.06242399782753655,0.16196407370535107,0.1871199223603836,1567457523155
12282,12282,462,Gyroscope,-0.05756225940526942,0.1577737636114137,0.1853374181875302,1567457523157
12284,12284,462,Gyroscope,-0.05450016957563908,0.1528497207167897,0.1846630509156417,1567457523159
12286,12286,462,Gyroscope,-0.050579485404347424,0.1471061605274691,0.18773566690759,1567457523162
12288,12288,462,Gyroscope,-0.04468798241842835,0.14120006148086198,0.1819955825435718,1567457523164
12290,12290,462,Gyroscope,-0.03886492214058272,0.13516644174993467,0.1824111912664861,1567457523165
12291,12291,462,Gyroscope,-0.03484743255642835,0.12803577774366084,0.1864812339620239,1567457523167
12294,12294,462,Gyroscope,-0.03272179605510089,0.1204359568221508,0.1818080305661063,1567457523169
12296,12296,462,Gyroscope,-0.03230531444608341,0.1146680570282301,0.18160172630669427,1567457523171
12298,12298,462,Gyroscope,-0.0330338666600125,0.11044535329063115,0.1824111912664861,1567457523174
12299,12299,462,Gyroscope,-0.0333937755927603,0.10458766449896614,0.180649107016782,1567457523176
12301,12301,462,Gyroscope,-0.032335335148875155,0.09622947092767582,0.1780908559080152,1567457523177
12303,12303,462,Gyroscope,-0.030438096883909593,0.08738783633006725,0.17758357856803508,1567457523179
12305,12305,462,Gyroscope,-0.02855835225283997,0.07808815611432193,0.1790262277191226,1567457523181
12307,12307,462,Gyroscope,-0.026304443430627152,0.0667590387888419,0.18123444602622413,1567457523183
12309,12309,462,Gyroscope,-0.02318418500696798,0.054608042479265324,0.1832081538425961,1567457523186
12311,12311,462,Gyroscope,-0.02021374506244803,0.04391562478781959,0.18352580649897238,1567457523188
12313,12313,462,Gyroscope,-0.01856531297313445,0.034511577382537496,0.1818784061040566,1567457523189
12315,12315,462,Gyroscope,-0.017727340458882426,0.02647373023148289,0.18012638467805686,1567457523191
12317,12317,462,Gyroscope,-0.01683759824365645,0.021947979458921782,0.179972298908052,1567457523193
12319,12319,462,Gyroscope,-0.016480959933163356,0.020731872685716017,0.18144211926471177,1567457523195
12321,12321,462,Gyroscope,-0.017457477526603545,0.01890459749618565,0.1840275452784803,1567457523197
12323,12323,462,Gyroscope,-0.019051756863632023,0.014469916061615896,0.1868173799390197,1567457523200
12325,12325,462,Gyroscope,-0.020143684022182275,0.009544197899093849,0.18785036768497537,1567457523202
12327,12327,462,Gyroscope,-0.021046989417334617,0.004873456666651215,0.1859828405705411,1567457523203
12329,12329,462,Gyroscope,-0.022817260313392377,-0.0016667901074817275,0.18328868860278538,1567457523205
12331,12331,462,Gyroscope,-0.02581562869040089,-0.007005758760122772,0.18336203982705335,1567457523207
12333,12333,462,Gyroscope,-0.030150751376235477,0.0006953007006118352,0.1864930239918735,1567457523210
12336,12336,462,Gyroscope,-0.036005526527358334,0.03054062710348195,0.18890271184132795,1567457523212
12338,12338,462,Gyroscope,-0.04189115622639939,0.07490693302677867,0.18909880129350373,1567457523213
12340,12340,462,Gyroscope,-0.04383667716331796,0.11222274396854054,0.19138469135632638,1567457523215
12342,12342,462,Gyroscope,-0.03953114714287602,0.12753726059048848,0.19825193803241717,1567457523217
12344,12344,462,Gyroscope,-0.03414893741357027,0.12868374542929947,0.20370222425877405,1567457523220
12346,12346,462,Gyroscope,-0.03795497001304218,0.13581471600289058,0.200329928448306,1567457523222
12347,12347,462,Gyroscope,-0.05545392381082563,0.1555419381810192,0.1886891518294216,1567457523224
12349,12349,462,Gyroscope,-0.08136628336318391,0.17311579079890038,0.17435745500867383,1567457523225
12351,12351,462,Gyroscope,-0.1103708611892209,0.17080155434774444,0.16048436416152176,1567457523227
12353,12353,462,Gyroscope,-0.14434853302503498,0.1488016544584943,0.14766066494315944,1567457523229
12355,12355,462,Gyroscope,-0.18545516199337186,0.12440453910282309,0.13637592089826986,1567457523232
12357,12357,462,Gyroscope,-0.23066632834898226,0.10796134315450544,0.1250482079043335,1567457523234
12360,12360,462,Gyroscope,-0.2784544353342665,0.08738225732879873,0.10929893393433274,1567457523235
12362,12362,462,Gyroscope,-0.3305265587629627,0.04844103502019129,0.08731756075270117,1567457523237
12364,12364,462,Gyroscope,-0.3829224264888865,0.00024356264004051636,0.062822261969754,1567457523239
12366,12366,462,Gyroscope,-0.42328354902889315,0.13581471600289058,0.04027891782956461,1567457523241
12368,12368,462,Gyroscope,-0.4363286271499469,-0.04168669824004159,0.021814317588684497,1567457523244
12370,12370,462,Gyroscope,-0.41132099408254263,-0.017208250137686794,0.010219993941532016,1567457523246
12372,12372,462,Gyroscope,-0.35056373027149146,0.034078270497871085,0.009831109921759772,1567457523247
12374,12374,462,Gyroscope,-0.2656887848054158,0.09571521857195671,0.02377883273184981,1567457523249
12375,12375,462,Gyroscope,-0.16378080987704513,0.14986173490016574,0.05210671895496395,1567457523251
12378,12378,462,Gyroscope,-0.04995337778724197,0.19110371555711025,0.08907732555033615,1567457523254
12380,12380,462,Gyroscope,0.063996789988686,0.22398171784238427,0.12241919952006423,1567457523256
12381,12381,462,Gyroscope,0.1703785317597252,0.25432926366070735,0.14123861690041084,1567457523258
12384,12384,462,Gyroscope,0.2707617341070023,0.2858819950867105,0.14434554374214684,1567457523259
12386,12386,462,Gyroscope,0.36120972600084433,0.3181623924476404,0.13690414956847366,1567457523261
12388,12388,462,Gyroscope,0.4324394375231524,0.3468023551730063,0.12160861639592575,1567457523263
12389,12389,462,Gyroscope,0.48577264480356186,0.3683129123691278,0.09676788621757879,1567457523265
12391,12391,462,Gyroscope,0.5309050154482605,0.38299605312326634,0.06209995471017614,1567457523268
12393,12393,462,Gyroscope,0.5714231395063514,0.3926125148365034,0.02384679988217848,1567457523270
12395,12395,462,Gyroscope,0.6034385952652194,0.3964343888097865,-0.009082839351495203,1567457523271
12397,12397,462,Gyroscope,0.6236562201563888,0.39122601751540464,-0.033300085645495046,1567457523273
12399,12399,462,Gyroscope,0.6330251892761058,0.37645410599301404,-0.04991796833766486,1567457523275
12401,12401,462,Gyroscope,0.6351065063802801,0.3567085159627712,-0.05789817890831757,1567457523278
12404,12404,462,Gyroscope,0.6325114150678728,0.3349996656631825,-0.05576153098538374,1567457523280
12406,12406,462,Gyroscope,0.6235484275325911,0.30654028962109453,-0.04596187464053242,1567457523281
12408,12408,462,Gyroscope,0.6041351211696451,0.26537842390506866,-0.03178936417255527,1567457523283
12410,12410,462,Gyroscope,0.5746072803172748,0.21497402496305168,-0.015566014817078325,1567457523285
12412,12412,462,Gyroscope,0.5399515577228645,0.16341948754679014,-0.0021793039429535564,1567457523288
12414,12414,462,Gyroscope,0.502313358974605,0.11081404034261072,0.003021308000949639,1567457523290
12416,12416,462,Gyroscope,0.4610176278248802,0.05365390498900809,0.0005432973944369639,1567457523291
12418,12418,462,Gyroscope,0.41959644559487863,-0.0024712773453657265,-0.0051403181176134655,1567457523293
12420,12420,462,Gyroscope,0.3830931307072393,-0.049049955802649606,-0.012225311722092139,1567457523295
12422,12422,462,Gyroscope,0.34968890597077096,-0.0882654096766772,-0.02090126390773452,1567457523297
12424,12424,462,Gyroscope,0.3139980006805564,-0.1274841939974552,-0.028831462644820394,1567457523300
12426,12426,462,Gyroscope,0.276394302775288,-0.16481342160735143,-0.032723539003840396,1567457523302
12428,12428,462,Gyroscope,0.24090915348528558,-0.18991507972393654,-0.032178501949656865,1567457523303
12429,12429,462,Gyroscope,0.20707944597446584,-0.19709954966597815,-0.028531968165173748,1567457523305
12431,12431,462,Gyroscope,0.17257635267446872,-0.19055387610530164,-0.022280782151073077,1567457523307
12434,12434,462,Gyroscope,0.14004703913049302,-0.17578373745359005,-0.01245687530436771,1567457523310
12436,12436,462,Gyroscope,0.11300968714990067,-0.15201823779685897,0.0035478034476077278,1567457523312
12438,12438,462,Gyroscope,0.09019918318275533,-0.117449878455002,0.027172688660540626,1567457523314
12440,12440,462,Gyroscope,0.07008283421112835,-0.07700591763285991,0.05417725738056484,1567457523315
12442,12442,462,Gyroscope,0.054256347928343274,-0.03683646068519637,0.07735522228558123,1567457523317
12444,12444,462,Gyroscope,0.04277660659922863,0.0065874110931532955,0.09512902523851577,1567457523319
12446,12446,462,Gyroscope,0.032646731735249734,0.061570687912885,0.11297653065790592,1567457523322
12448,12448,462,Gyroscope,0.022594481907291006,0.12607407724440844,0.13474564102373845,1567457523324
12450,12450,462,Gyroscope,0.014455000927928513,0.19033419390430556,0.1573356053889759,1567457523325
12452,12452,462,Gyroscope,0.00952619294661771,0.25371254268388493,0.17695861438307134,1567457523327
12454,12454,462,Gyroscope,0.006927853291384524,0.32204791528286236,0.1949383133235288,1567457523329
12456,12456,462,Gyroscope,0.005147535518223874,0.38956376254443636,0.2129475709157188,1567457523331
12457,12457,462,Gyroscope,0.0030430550671487243,0.44272812917199766,0.22894923835302788,1567457523334
12460,12460,462,Gyroscope,8.750464042296408e-05,0.48088464920393903,0.2422651396333348,1567457523336
12462,12462,462,Gyroscope,-0.003216537846393687,0.5155753763504176,0.25605415993461067,1567457523337
12464,12464,462,Gyroscope,-0.006032864800943928,0.5507237207513799,0.2709433311351038,1567457523339
12466,12466,462,Gyroscope,-0.008667729296526748,0.5782309132290533,0.28227289239623715,1567457523341
12468,12468,462,Gyroscope,-0.012308513077573864,0.5932062159023799,0.28657176284526736,1567457523344
12470,12470,462,Gyroscope,-0.016928854863109872,0.600594269019352,0.28545432678128446,1567457523346
12472,12472,462,Gyroscope,-0.020678123424159287,0.6037090338137575,0.2816257290377005,1567457523347
12474,12474,462,Gyroscope,-0.0220204785864086,0.5972413831905314,0.2759098189420597,1567457523349
12475,12475,462,Gyroscope,-0.02091759526462438,0.5775740119799309,0.26859334132242396,1567457523351
12477,12477,462,Gyroscope,-0.01762255178255579,0.551652568153929,0.2599827099955825,1567457523353
12479,12479,462,Gyroscope,-0.012428530123184064,0.528098893955188,0.24995156169342797,1567457523356
12481,12481,462,Gyroscope,-0.005834972318557192,0.5056547095692119,0.2385186875822386,1567457523358
12483,12483,462,Gyroscope,0.0030399967135504714,0.47866162794291434,0.2262806623618982,1567457523360
12486,12486,462,Gyroscope,0.01616897637492732,0.44854854415875156,0.21475280835521232,1567457523361
12488,12488,462,Gyroscope,0.033650843832808836,0.41994138039193385,0.2057236837706662,1567457523363
12490,12490,462,Gyroscope,0.0537581149206838,0.3903011530079139,0.19788918617065993,1567457523365
12492,12492,462,Gyroscope,0.07591442959898387,0.35499792242647055,0.18657762866789934,1567457523368
12494,12494,462,Gyroscope,0.10055412287042564,0.3184765294327161,0.1700464654487523,1567457523370
12496,12496,462,Gyroscope,0.12609400955107775,0.2900295526023895,0.15160984553567952,1567457523371
12498,12498,462,Gyroscope,0.14930101536201662,0.2733914276720791,0.1326187031141895,1567457523373
12500,12500,462,Gyroscope,0.16950072350703166,0.26745127692153065,0.10962857115062113,1567457523376
12502,12502,462,Gyroscope,0.18952152459406182,0.271214473644931,0.08138812193730538,1567457523377
12504,12504,462,Gyroscope,0.21171017005234316,0.2841112785185264,0.05200143253519366,1567457523379
12506,12506,462,Gyroscope,0.23546105021926456,0.30487768142708965,0.02480771118260794,1567457523381
12508,12508,462,Gyroscope,0.25831510192154483,0.32948864159585606,-0.0006563349235928009,1567457523384
12510,12510,462,Gyroscope,0.2777539907271205,0.34989800142228017,-0.02427910744517315,1567457523386
12512,12512,462,Gyroscope,0.2935001711028744,0.3592992037042056,-0.043418833627886864,1567457523387
12514,12514,462,Gyroscope,0.30904761887599974,0.35800005082719594,-0.05605095198798836,1567457523389
12516,12516,462,Gyroscope,0.3285413472677147,0.35090971293345546,-0.06281304289199088,1567457523392
12518,12518,462,Gyroscope,0.351550005779974,0.34191440984645777,-0.06654936593360318,1567457523394
12520,12520,462,Gyroscope,0.37405400870620625,0.3324000718115333,-0.0712529419434605,1567457523396
12522,12522,462,Gyroscope,0.3948612664443942,0.32259136584215786,-0.0801344787831331,1567457523397
12524,12524,462,Gyroscope,0.41686715629952886,0.3124274155248161,-0.09336852378844478,1567457523399
12526,12526,462,Gyroscope,0.44206977731669217,0.29906136529053395,-0.10785301617183697,1567457523402
12528,12528,462,Gyroscope,0.46929959766961515,0.2742495731901881,-0.12026686054057623,1567457523404
12530,12530,462,Gyroscope,0.49537767320433873,0.23037054088597358,-0.13197553117076777,1567457523406
12532,12532,462,Gyroscope,0.5157260299840929,0.1690688718677041,-0.15011033604451318,1567457523407
12534,12534,462,Gyroscope,0.5268739513759538,0.09726764095143683,-0.17929510618347783,1567457523409
12536,12536,462,Gyroscope,0.5303156257309681,0.01693359373615956,-0.21168827432001514,1567457523412
12538,12538,462,Gyroscope,0.5312147612044223,-0.07188040751784733,-0.23203000113179983,1567457523414
12540,12540,462,Gyroscope,0.5324403996468194,-0.1595262230532406,-0.2349318638974292,1567457523416
12542,12542,462,Gyroscope,0.5313587730763218,-0.2321364968274448,-0.2308300977174878,1567457523417
12544,12544,462,Gyroscope,0.5226207738295577,-0.2918775963998033,-0.23322921607779973,1567457523419
12546,12546,462,Gyroscope,0.5037910060725368,-0.3565168126744774,-0.24584652284882785,1567457523421
12548,12548,462,Gyroscope,0.47800904301067915,-0.43440664189978506,-0.26299563231891465,1567457523424
12549,12549,462,Gyroscope,0.44903104574223635,-0.518507362106199,-0.27677131368307656,1567457523426
12551,12551,462,Gyroscope,0.4124697255053491,-0.6102754610458075,-0.2822384543579628,1567457523427
12553,12553,462,Gyroscope,0.35756863624057833,-0.7258576602707018,-0.2802799779924739,1567457523429
12555,12555,462,Gyroscope,0.28251547751854755,-0.8674655225486416,-0.2770548553783619,1567457523431
12557,12557,462,Gyroscope,0.19938786995175062,-1.0121272850002165,-0.2770619156452524,1567457523434
12559,12559,462,Gyroscope,0.11849700822294862,-1.1404971732048788,-0.2770526705889735,1567457523436
12561,12561,462,Gyroscope,0.04108416097396393,-1.2508987426569935,-0.27140691512674314,1567457523437
12563,12563,462,Gyroscope,-0.029052653746900664,-1.3377559866442874,-0.26169293835696705,1567457523439
12565,12565,462,Gyroscope,-0.08200742366929105,-1.3855549829926224,-0.25399697124908904,1567457523441
12567,12567,462,Gyroscope,-0.11148628035242558,-1.3888972997577123,-0.24803734209570583,1567457523444
12569,12569,462,Gyroscope,-0.1196701442682409,-1.3561478083975325,-0.23727455235422193,1567457523446
12571,12571,462,Gyroscope,-0.11307008713632541,-1.2921905780136966,-0.2198175282821547,1567457523448
12573,12573,462,Gyroscope,-0.09207159749864036,-1.1916791996210803,-0.20113134958852064,1567457523449
12575,12575,462,Gyroscope,-0.04691923055224233,-1.055190190089672,-0.18565447857597533,1567457523451
12578,12578,462,Gyroscope,0.022211803839266193,-0.9009309677560289,-0.17092353870044394,1567457523454
12580,12580,462,Gyroscope,0.08720332909847663,-0.7343442071918764,-0.1483634685594125,1567457523456
12581,12581,462,Gyroscope,0.11822923555600252,-0.5193853886902005,-0.11113330896989429,1567457523457
12583,12583,462,Gyroscope,0.1243382063905849,-0.2345827522095326,-0.06865959291735872,1567457523459
12585,12585,462,Gyroscope,0.1441167454027615,0.05774196910347293,-0.20513264443911758,1567457523461
12588,12588,462,Gyroscope,0.2008206991442556,0.2647428542824774,-0.06402176414070641,1567457523464
12590,12590,462,Gyroscope,0.28958337837406534,0.36390315925876504,-0.10961128840535012,1567457523466
12591,12591,462,Gyroscope,0.39924268276779273,0.3972444564178529,-0.1615596058942495,1567457523467
12593,12593,462,Gyroscope,0.5166820417798219,0.3998296837578754,-0.20513264443911758,1567457523469
12595,12595,462,Gyroscope,0.6166771508176316,0.37719924778337655,-0.2353853800350072,1567457523471
12597,12597,462,Gyroscope,0.6777151904107482,0.3295383091492989,-0.2537271944419135,1567457523474
12600,12600,462,Gyroscope,0.704213362760153,0.2714831650746431,-0.266346216268807,1567457523476
12602,12602,462,Gyroscope,0.7143541698549692,0.22707406753017573,-0.27891926810704226,1567457523477
12603,12603,462,Gyroscope,0.7116950327106374,0.2007417070905161,-0.29596857829025136,1567457523479
12605,12605,462,Gyroscope,0.6783311535333023,0.15779510397614505,-0.3289592244640412,1567457523481
12607,12607,462,Gyroscope,0.5965339738697717,0.05739010625108415,-0.39263463534494103,1567457523484
12609,12609,462,Gyroscope,0.4748109110926261,-0.0912531425328153,-0.4859225626574657,1567457523486
12611,12611,462,Gyroscope,0.33914720077044336,-0.23427506879925725,-0.5912362375574999,1567457523488
12614,12614,462,Gyroscope,0.19951890985746729,-0.33952444010211735,-0.6973255258681926,1567457523489
12616,12616,462,Gyroscope,0.05130192021104729,-0.4220901945151793,-0.8035644398864754,1567457523491
12617,12617,462,Gyroscope,-0.09784381294985728,-0.49986572851549926,-0.9029050622187986,1567457523494
12619,12619,462,Gyroscope,-0.23428441562867314,-0.5625365137764419,-0.9834523031543609,1567457523496
12621,12621,462,Gyroscope,-0.3559777108841315,-0.5919010379683797,-1.0432683645413547,1567457523498
12623,12623,462,Gyroscope,-0.4612943284527936,-0.5869673073050556,-1.0876467643672179,1567457523499
12625,12625,462,Gyroscope,-0.5433920198626874,-0.5623557109609164,-1.1181701952933687,1567457523501
12627,12627,462,Gyroscope,-0.6058277508733191,-0.5289011778020734,-1.1321694029097595,1567457523504
12630,12630,462,Gyroscope,-0.660697527298009,-0.48037878825351543,-1.1288382294485708,1567457523506
12632,12632,462,Gyroscope,-0.7084604749830479,-0.407547690066386,-1.113495501973384,1567457523507
12634,12634,462,Gyroscope,-0.736890328146329,-0.32091815818885605,-1.093249957318755,1567457523509
12635,12635,462,Gyroscope,-0.7411453698390544,-0.24374735279702056,-1.068466511614448,1567457523511
12638,12638,462,Gyroscope,-0.7322134571311087,-0.18699963860544946,-1.0359963434636108,1567457523514
12640,12640,462,Gyroscope,-0.7220950875358195,-0.1446327632850702,-0.9992838896385379,1567457523516
12642,12642,462,Gyroscope,-0.7094689184413929,-0.10696893923923646,-0.9649013711525056,1567457523517
12644,12644,462,Gyroscope,-0.6852220751730457,-0.07060464978874574,-0.9319557248966621,1567457523519
12646,12646,462,Gyroscope,-0.6473688574652688,-0.040925558850509754,-0.8953869815078312,1567457523522
12648,12648,462,Gyroscope,-0.603186119650399,-0.02813144441089769,-0.8551647603323711,1567457523524
12650,12650,462,Gyroscope,-0.5557188250426616,-0.03989075131174946,-0.8104662615189573,1567457523526
12651,12651,462,Gyroscope,-0.49931667609075137,-0.07868627813807544,-0.7523697917544527,1567457523527
12654,12654,462,Gyroscope,-0.4353350602672428,-0.14279818063250097,-0.6797078719869445,1567457523529
12656,12656,462,Gyroscope,-0.3758974422566532,-0.22701208422510194,-0.6131592350034075,1567457523532
12658,12658,462,Gyroscope,-0.321485564224114,-0.3284251178958957,-0.5726393404017612,1567457523534
12660,12660,462,Gyroscope,-0.25396042414759806,-0.45877617217852984,-0.54958881273939,1567457523536
12662,12662,462,Gyroscope,-0.16198024136695843,-0.6461569058799894,-0.5199059775464451,1567457523537
12663,12663,462,Gyroscope,-0.057093926170657144,-0.9059050172792279,-0.477379248793988,1567457523539
12666,12666,462,Gyroscope,0.04042305217708081,-1.2050019880822354,-0.4422093445633483,1567457523542
12668,12668,462,Gyroscope,0.1190269910426686,-1.476488369903478,-0.4378667053159512,1567457523544
12670,12670,462,Gyroscope,0.17649306751062388,-1.6726583717573789,-0.46623010469244225,1567457523546
12671,12671,462,Gyroscope,0.21424155840685433,-1.7872340453699542,-0.5108510260586152,1567457523548
12674,12674,462,Gyroscope,0.2381860557734944,-1.8388894110282437,-0.5581609206966078,1567457523549
12675,12675,462,Gyroscope,0.2579601388326215,-1.857025465216429,-0.6022075332636492,1567457523551
12677,12677,462,Gyroscope,0.27757991708455426,-1.8726884687388912,-0.6349031172188144,1567457523554
12680,12680,462,Gyroscope,0.2916134323942677,-1.9026543443257735,-0.6487006857612376,1567457523556
12682,12682,462,Gyroscope,0.2938567005395287,-1.938916339051262,-0.6463232664811039,1567457523557
12684,12684,462,Gyroscope,0.2847781228836732,-1.957908261801236,-0.6379196849174913,1567457523559
12686,12686,462,Gyroscope,0.26905784740645927,-1.943203967935406,-0.6319908222266652,1567457523561
12688,12688,462,Gyroscope,0.24823377226515747,-1.8975861680309327,-0.6309624918015168,1567457523564
12690,12690,462,Gyroscope,0.21746130158271615,-1.832906086183378,-0.6301416724939178,1567457523566
12692,12692,462,Gyroscope,0.17153893228209124,-1.757073345313763,-0.6228623629320647,1567457523568
12694,12694,462,Gyroscope,0.1126021811878749,-1.673657568024364,-0.6100303275472565,1567457523569
12696,12696,462,Gyroscope,0.048631136973377086,-1.5853415766936658,-0.5997753911594916,1567457523571
12698,12698,462,Gyroscope,-0.013436569048497538,-1.495449604876804,-0.59712219384175,1567457523574
12700,12700,462,Gyroscope,-0.06995138832047675,-1.4108623921525594,-0.5999259505526734,1567457523576
12702,12702,462,Gyroscope,-0.11806582482261686,-1.3421658410623194,-0.6033972243649776,1567457523578
12704,12704,462,Gyroscope,-0.1555512640036792,-1.2952556123602736,-0.602859361950197,1567457523579
12706,12706,462,Gyroscope,-0.18422869404782943,-1.2627404571394232,-0.5946367028532424,1567457523581
12707,12707,462,Gyroscope,-0.20998224604485655,-1.2290059809828002,-0.5793228914505801,1567457523584
12709,12709,462,Gyroscope,-0.2382031560389336,-1.1821958486943303,-0.5612431014140414,1567457523586
12712,12712,462,Gyroscope,-0.27134214538651513,-1.1176707263749561,-0.541779122792812,1567457523588
12714,12714,462,Gyroscope,-0.3082244075398687,-1.0386861575964106,-0.5183781789097606,1567457523589
12716,12716,462,Gyroscope,-0.3433527430497699,-0.9574538474286789,-0.4913923878076625,1567457523591
12718,12718,462,Gyroscope,-0.37106085989919085,-0.8840146329196792,-0.46434600738616566,1567457523594
12720,12720,462,Gyroscope,-0.39137602015806994,-0.8137916357887593,-0.436341583006046,1567457523596
12722,12722,462,Gyroscope,-0.408395069209879,-0.7375109907429116,-0.40268790627234796,1567457523598
12724,12724,462,Gyroscope,-0.4243593026780158,-0.6592674455033813,-0.36494137065439924,1567457523600
12726,12726,462,Gyroscope,-0.43834713798916075,-0.5898944124933128,-0.33084805377831433,1567457523601
12728,12728,462,Gyroscope,-0.4491608610544471,-0.5258447714024739,-0.30142869583488874,1567457523603
12730,12730,462,Gyroscope,-0.4570166290518353,-0.4543699027908032,-0.2694936856860717,1567457523606
12732,12732,462,Gyroscope,-0.46267058738794564,-0.37896472837641704,-0.23412534366174037,1567457523608
12734,12734,462,Gyroscope,-0.4671021155922857,-0.3171260977974509,-0.20311190508883803,1567457523610
12736,12736,462,Gyroscope,-0.47288772273717167,-0.2716880658393376,-0.17724986451063013,1567457523611
12738,12738,462,Gyroscope,-0.4829438149908464,-0.22711223258427293,-0.14712536741456964,1567457523613
12740,12740,462,Gyroscope,-0.4971949646389676,-0.17915548729236705,-0.1120652660995177,1567457523616
12742,12742,462,Gyroscope,-0.5147729804026533,-0.146704567395448,-0.087332631582209,1567457523618
12744,12744,462,Gyroscope,-0.5383593844807709,-0.14008718113516977,-0.08304608755442554,1567457523620
12746,12746,462,Gyroscope,-0.5702293095503452,-0.13261136884505606,-0.09096894606449231,1567457523622
12748,12748,462,Gyroscope,-0.6065704806107,-0.08382603881692038,-0.09975344956624907,1567457523623
12750,12750,462,Gyroscope,-0.6414442703989418,0.014598887582166816,-0.10290746544714424,1567457523626
12752,12752,462,Gyroscope,-0.6724383446747044,0.13358902184703442,-0.08564050153053007,1567457523628
12754,12754,462,Gyroscope,-0.6985503038436156,0.24302726217571802,-0.03166796918188454,1567457523630
12756,12756,462,Gyroscope,-0.7176259762836034,0.33569483331064465,0.046968518891804256,1567457523631
12758,12758,462,Gyroscope,-0.7293138309280712,0.417870643681612,0.11389536743441131,1567457523633
12760,12760,462,Gyroscope,-0.7368784358387482,0.49245406380769985,0.15071614827523805,1567457523636
12762,12762,462,Gyroscope,-0.7438493107919564,0.5519670407554422,0.17269170478516294,1567457523638
12764,12764,462,Gyroscope,-0.751347838649074,0.5876606316628726,0.20391890597101703,1567457523639
12766,12766,462,Gyroscope,-0.7593538571951988,0.611749768835979,0.2593092606616012,1567457523641
12768,12768,462,Gyroscope,-0.7675540750767055,0.6554865047639675,0.3420091564599912,1567457523644
12770,12770,462,Gyroscope,-0.7747334500419805,0.7316544678534309,0.4396069729377146,1567457523646
12772,12772,462,Gyroscope,-0.7799919399880435,0.8227721857129029,0.5345576491702353,1567457523648
12774,12774,462,Gyroscope,-0.7836755269916397,0.9164366325987833,0.6268996059269671,1567457523650
12776,12776,462,Gyroscope,-0.7855851257822186,1.0149277573643352,0.728296663466685,1567457523651
12778,12778,462,Gyroscope,-0.7849758421753348,1.103491575913424,0.8325555462783425,1567457523654
12780,12780,462,Gyroscope,-0.7833988390323238,1.1662053507739663,0.9219891155514626,1567457523656
12782,12782,462,Gyroscope,-0.7848048713140899,1.2421497231600367,1.0031924542356796,1567457523658
12784,12784,462,Gyroscope,-0.7932985386495098,1.3927680608490132,1.0969444387874345,1567457523660
12786,12786,462,Gyroscope,-0.812319352005541,1.602057615609432,1.1936328495626947,1567457523661
12788,12788,462,Gyroscope,-0.8421298477517227,1.7827962696833741,1.2610381835685636,1567457523663
12790,12790,462,Gyroscope,-0.8762639502198557,1.8846612323274687,1.2915036167923846,1567457523666
12792,12792,462,Gyroscope,-0.9055905378108237,1.9308844079838279,1.3049835124501734,1567457523668
12794,12794,462,Gyroscope,-0.9267985812943674,1.953582632219525,1.3140399785719394,1567457523670
12796,12796,462,Gyroscope,-0.9423152189994342,1.9491478404980969,1.313931171989922,1567457523671
12798,12798,462,Gyroscope,-0.953847853729956,1.9043282177253578,1.3014011180916603,1567457523673
12800,12800,462,Gyroscope,-0.9608060255965951,1.8325027074419924,1.2836739665643058,1567457523676
12801,12801,462,Gyroscope,-0.9620213027484111,1.7625205067973528,1.2681862777468385,1567457523678
12804,12804,462,Gyroscope,-0.955793519061981,1.702273400999842,1.2546863674016115,1567457523680
12806,12806,462,Gyroscope,-0.9420743715859998,1.6387795466986084,1.24055556244849,1567457523682
12808,12808,462,Gyroscope,-0.9251105041777201,1.5700827364656251,1.2264841089541323,1567457523683
12810,12810,462,Gyroscope,-0.9088277360563357,1.5073574117702138,1.2135484924966566,1567457523686
12812,12812,462,Gyroscope,-0.8910390789618423,1.4480173915956445,1.1996379045556431,1567457523688
12814,12814,462,Gyroscope,-0.86807859233337,1.3780267382325335,1.1813358249471049,1567457523690
12816,12816,462,Gyroscope,-0.8427882348444513,1.299118145926658,1.1574612887218518,1567457523692
12818,12818,462,Gyroscope,-0.8212340675775913,1.2225535411399029,1.1294115527705297,1567457523693
12820,12820,462,Gyroscope,-0.8034804978753602,1.1385124905860649,1.097771606956667,1567457523696
12821,12821,462,Gyroscope,-0.7851276998377757,1.0240727779694385,1.0607524657145442,1567457523698
12824,12824,462,Gyroscope,-0.7666641850411748,0.8786555971380297,1.018233612365187,1567457523700
12826,12826,462,Gyroscope,-0.7522318241954131,0.7226902222239266,0.9735042522480465,1567457523702
12828,12828,462,Gyroscope,-0.7388710198423947,0.5671087214212719,0.9270060647432663,1567457523703
12830,12830,462,Gyroscope,-0.7173552547698163,0.4096239966608899,0.873804021067747,1567457523706
12831,12831,462,Gyroscope,-0.6856555215603561,0.2577068449543024,0.8125623146224845,1567457523708
12834,12834,462,Gyroscope,-0.6496546147391836,0.13318758335432848,0.7503813328768075,1567457523710
12836,12836,462,Gyroscope,-0.6085859823448336,0.04988741828685042,0.6938533878802351,1567457523712
12838,12838,462,Gyroscope,-0.555778787692542,0.0024538496537337513,0.642865605325989,1567457523713
12840,12840,462,Gyroscope,-0.4955648942950348,-0.01894235942499086,0.5952452748645599,1567457523715
12842,12842,462,Gyroscope,-0.4391638583584653,-0.016860408548422787,0.5497282059841179,1567457523718
12844,12844,462,Gyroscope,-0.3818167311501012,0.009955702943234423,0.5052429177164925,1567457523720
12846,12846,462,Gyroscope,-0.30714474800738095,0.06053221001551772,0.462442098142525,1567457523722
12848,12848,462,Gyroscope,-0.21653538054859053,0.12671590574056135,0.42264742825238966,1567457523724
12850,12850,462,Gyroscope,-0.128492730233437,0.19544401872632416,0.3840550838642106,1567457523725
12852,12852,462,Gyroscope,-0.0476004339127086,0.26079718429873083,0.34515934729013564,1567457523727
12854,12854,462,Gyroscope,0.03840739019079738,0.32644350674173517,0.31209618609740325,1567457523730
12856,12856,462,Gyroscope,0.13502014352390626,0.3967934416292917,0.29448739883329716,1567457523732
12858,12858,462,Gyroscope,0.24086103406481452,0.47743655353180203,0.2936249611656118,1567457523734
12860,12860,462,Gyroscope,0.35891052509531357,0.5783768496541805,0.30412518205057265,1567457523736
12862,12862,462,Gyroscope,0.48662699949738597,0.704421629514409,0.32583764928497927,1567457523737
12864,12864,462,Gyroscope,0.6121986698054831,0.8453543105175618,0.36213972262935146,1567457523739
12866,12866,462,Gyroscope,0.7345761345977438,0.9821934481888939,0.40907414145966214,1567457523742
12868,12868,462,Gyroscope,0.8676355854285356,1.103320353055775,0.45779566685793216,1567457523744
12870,12870,462,Gyroscope,1.0140224221808287,1.20994470596502,0.5042195843562532,1567457523746
12872,12872,462,Gyroscope,1.156845015067942,1.3066730716431016,0.549801017761568,1567457523748
12874,12874,462,Gyroscope,1.2867600919425546,1.39544352869622,0.5981538775737751,1567457523749
12875,12875,462,Gyroscope,1.4102737208228182,1.4742224356611502,0.6519231494625343,1567457523751
12877,12877,462,Gyroscope,1.5236254858426945,1.5324494630437817,0.7083472752532124,1567457523754
12879,12879,462,Gyroscope,1.610127426253837,1.5598065751450791,0.760912677794045,1567457523756
12882,12882,462,Gyroscope,1.6706640775119588,1.5679359658625653,0.8075240142364348,1567457523758
12884,12884,462,Gyroscope,1.7286807236294819,1.5875729327047718,0.8516293548469294,1567457523759
12886,12886,462,Gyroscope,1.7977777201368905,1.6352865648589234,0.8940930143471242,1567457523761
12888,12888,462,Gyroscope,1.8657661360053415,1.696218921757227,0.9307055169455788,1567457523764
12890,12890,462,Gyroscope,1.917599352237576,1.7460857790042887,0.9599567297924239,1567457523766
12892,12892,462,Gyroscope,1.954987211109874,1.775561588553578,0.9854665500645021,1567457523768
12894,12894,462,Gyroscope,1.9851224552211562,1.7861725449411119,1.007906264122792,1567457523770
12896,12896,462,Gyroscope,2.006481253484352,1.7788651010670844,1.022945390725935,1567457523771
12898,12898,462,Gyroscope,2.013656047621251,1.7546712047795305,1.029014520335664,1567457523774
12900,12900,462,Gyroscope,2.0058517275736434,1.713508981627602,1.0293607806824587,1567457523776
12902,12902,462,Gyroscope,1.986136690088133,1.6493777140752028,1.025899401187077,1567457523778
12904,12904,462,Gyroscope,1.9570187156229157,1.5573605731885345,1.0169083756474353,1567457523780
12906,12906,462,Gyroscope,1.919668811037246,1.4456893093398517,1.0015128468785752,1567457523781
12908,12908,462,Gyroscope,1.8766383812749736,1.3345251431464085,0.9832013972731791,1567457523783
12910,12910,462,Gyroscope,1.8302289742784752,1.2411981661385572,0.9673275948536706,1567457523786
12912,12912,462,Gyroscope,1.7765196361577371,1.1677569222442674,0.9560059283328485,1567457523788
12914,12914,462,Gyroscope,1.7096936629941002,1.1053833668490864,0.9470523403019646,1567457523790
12916,12916,462,Gyroscope,1.6344312452339083,1.0489708338561208,0.9378442286771435,1567457523792
12918,12918,462,Gyroscope,1.5615088063518563,1.0013571533798502,0.9286066052095192,1567457523793
12920,12920,462,Gyroscope,1.4892107022401042,0.9650313818691292,0.9218354006662036,1567457523795
12922,12922,462,Gyroscope,1.405402651643346,0.9365626053411693,0.9198298800866533,1567457523798
12924,12924,462,Gyroscope,1.3087585700942135,0.9080077740046363,0.9218220774636687,1567457523800
12926,12926,462,Gyroscope,1.2048418579253597,0.8657386659964172,0.9219541531955162,1567457523802
12928,12928,462,Gyroscope,1.0824882379280312,0.7910444997199952,0.9126956428002003,1567457523804
12929,12929,462,Gyroscope,0.9270330206755468,0.6781065201900729,0.8922282691482655,1567457523806
12931,12931,462,Gyroscope,0.7547354930066781,0.5491619734788845,0.8650069668345184,1567457523808
12933,12933,462,Gyroscope,0.5968483841413503,0.43187642541038784,0.8347371970661068,1567457523810
12935,12935,462,Gyroscope,0.4540411504778489,0.32692127200897314,0.8020656958801295,1567457523812
12937,12937,462,Gyroscope,0.30293315606896054,0.21886464423036744,0.7691103960096857,1567457523814
12940,12940,462,Gyroscope,0.1416783263094466,0.10918917108132681,0.741063793041858,1567457523815
12942,12942,462,Gyroscope,-0.007488474286891755,0.013096340977450185,0.7221706139289807,1567457523818
12944,12944,462,Gyroscope,-0.13672210403645307,-0.068368473360182,0.7122550829852103,1567457523820
12946,12946,462,Gyroscope,-0.2573421224556507,-0.14604426177691188,0.7079968704351393,1567457523822
12948,12948,462,Gyroscope,-0.37205104938525674,-0.2203880705795878,0.7062169173145417,1567457523823
12950,12950,462,Gyroscope,-0.4751202913481824,-0.2864188813158598,0.7046717331824951,1567457523825
12951,12951,462,Gyroscope,-0.5684840006746371,-0.3488178109419141,0.7018226600971389,1567457523828
12954,12954,462,Gyroscope,-0.6539314430164932,-0.4115830501570318,0.6976511312139171,1567457523830
12956,12956,462,Gyroscope,-0.7261565696529828,-0.46810090258258674,0.6918886069207286,1567457523832
12958,12958,462,Gyroscope,-0.7855061421336604,-0.515534451055835,0.6810900023081677,1567457523834
12960,12960,462,Gyroscope,-0.8403059224981959,-0.5626024290344294,0.6623883710993073,1567457523835
12962,12962,462,Gyroscope,-0.8931279011965512,-0.6140243217325843,0.6391322885651057,1567457523837
12964,12964,462,Gyroscope,-0.9390350096090239,-0.6641221528901392,0.6156521453860195,1567457523840
12965,12965,462,Gyroscope,-0.9770090966407516,-0.7125524451012019,0.5885797552667978,1567457523842
12968,12968,462,Gyroscope,-1.0118651056806929,-0.7684416451667087,0.5515204675560509,1567457523844
12970,12970,462,Gyroscope,-1.0464865841167676,-0.8337507002025077,0.5043361146554832,1567457523846
12972,12972,462,Gyroscope,-1.0791705222487593,-0.8995024283405688,0.4487999454475611,1567457523847
12974,12974,462,Gyroscope,-1.1035932960389843,-0.9590317329041673,0.38010120965885386,1567457523850
12976,12976,462,Gyroscope,-1.1088143264420844,-1.0092547747577558,0.2938820710316471,1567457523852
12978,12978,462,Gyroscope,-1.0875029001943903,-1.0422987184745203,0.19772307546595058,1567457523854
12980,12980,462,Gyroscope,-1.0421836034017797,-1.051644992252368,0.10062384058768198,1567457523856
12982,12982,462,Gyroscope,-0.9776017446577427,-1.0459099765876596,-0.003940196880627068,1567457523858
12984,12984,462,Gyroscope,-0.897290745477249,-1.0446497717611696,-0.12255641354242172,1567457523859
12986,12986,462,Gyroscope,-0.8108972264374283,-1.0578274597514619,-0.23793810899240642,1567457523862
12988,12988,462,Gyroscope,-0.7285886187248576,-1.0762406897192374,-0.3285976237045597,1567457523864
12990,12990,462,Gyroscope,-0.6461279738469934,-1.0852501689781258,-0.40224578045790166,1567457523866
12992,12992,462,Gyroscope,-0.5521486947066501,-1.0823985425317415,-0.4819516388839943,1567457523868
12993,12993,462,Gyroscope,-0.44996463510323137,-1.0750604098505339,-0.5702446076559715,1567457523870
12996,12996,462,Gyroscope,-0.3542140657824764,-1.063378071918682,-0.6524726662360747,1567457523871
12997,12997,462,Gyroscope,-0.2681592880527642,-1.0369856294440396,-0.7243457354677323,1567457523874
12999,12999,462,Gyroscope,-0.185312879764439,-0.9923132907889173,-0.7898581975193399,1567457523876
13001,13001,462,Gyroscope,-0.10861026059137815,-0.9410109932871007,-0.8422708726127613,1567457523878
13004,13004,462,Gyroscope,-0.04658414802697219,-0.8954886058948659,-0.8724134349134021,1567457523880
13006,13006,462,Gyroscope,0.0014806285046081898,-0.857322748320904,-0.8859405476615633,1567457523881
13008,13008,462,Gyroscope,0.0416277588204442,-0.8222568971836259,-0.8930888423282155,1567457523884
13010,13010,462,Gyroscope,0.07683337947146168,-0.7842447599386277,-0.8925564098173548,1567457523886
13012,13012,462,Gyroscope,0.10842503616885521,-0.7342566997815242,-0.880266052382773,1567457523888
13013,13013,462,Gyroscope,0.1366061829780114,-0.6672425556116575,-0.8650256137400456,1567457523889
13015,13015,462,Gyroscope,0.16008860204467015,-0.5886678778727976,-0.8614617678855132,1567457523891
13018,13018,462,Gyroscope,0.18037528256624902,-0.501449878206551,-0.8693273410317175,1567457523894
13020,13020,462,Gyroscope,0.2018436274189267,-0.3938365324439965,-0.8723464743631053,1567457523896
13022,13022,462,Gyroscope,0.22510503397982184,-0.26083272085104975,-0.8599636858752128,1567457523897
13024,13024,462,Gyroscope,0.24589462404611595,-0.12747860153330282,-0.8387995723668322,1567457523900
13026,13026,462,Gyroscope,0.261055050965238,-0.02512139577021709,-0.8200504541493937,1567457523902
13028,13028,462,Gyroscope,0.27090824145673653,0.045660907885923196,-0.8062251203422459,1567457523904
13029,13029,462,Gyroscope,0.27710964138120797,0.10725257663480894,-0.7927622236625397,1567457523905
13031,13031,462,Gyroscope,0.28038933860743737,0.17028584586446072,-0.7767165883783237,1567457523908
13034,13034,462,Gyroscope,0.2781230090238977,0.22326162354552606,-0.7623955817798569,1567457523910
13036,13036,462,Gyroscope,0.2661728031548636,0.2522288658548503,-0.7576955630621789,1567457523912
13038,13038,462,Gyroscope,0.24519032747673128,0.2580834519708184,-0.7647938110786694,1567457523914
13039,13039,462,Gyroscope,0.21852226160499716,0.25050988555960024,-0.779988808833849,1567457523916
13041,13041,462,Gyroscope,0.1830466061777446,0.23299106917254286,-0.8024117270518812,1567457523918
13043,13043,462,Gyroscope,0.13235344572890004,0.2016442272683029,-0.8341445334725067,1567457523920
13046,13046,462,Gyroscope,0.06934169618468414,0.15458406199627722,-0.8721701314874937,1567457523922
13047,13047,462,Gyroscope,0.005315592797584048,0.09612392850142626,-0.9084294684799441,1567457523924
13049,13049,462,Gyroscope,-0.05268212975514305,0.034422473538387344,-0.9372362779811779,1567457523926
13051,13051,462,Gyroscope,-0.10497863867622606,-0.021385231682110237,-0.9581271557334592,1567457523928
13053,13053,462,Gyroscope,-0.1514266976777288,-0.06502747218010423,-0.9731208447075027,1567457523930
13056,13056,462,Gyroscope,-0.18887221842775048,-0.09898785001382249,-0.9834598621785605,1567457523931
13058,13058,462,Gyroscope,-0.21661418547625613,-0.13417352000526836,-0.9888005810119469,1567457523934
13060,13060,462,Gyroscope,-0.23712241921868266,-0.17729855058423358,-0.9893184603281979,1567457523936
13062,13062,462,Gyroscope,-0.2506270088709213,-0.22151352206309197,-0.9869289431236533,1567457523937
13064,13064,462,Gyroscope,-0.2550203392436629,-0.25618832326685204,-0.982938611030248,1567457523940
13066,13066,462,Gyroscope,-0.2505372776674384,-0.2804534223304448,-0.9761117530942207,1567457523942
13068,13068,462,Gyroscope,-0.2398966945412122,-0.30050192827606564,-0.9648742195644738,1567457523944
13070,13070,462,Gyroscope,-0.2252828330705538,-0.3195132567100134,-0.950262107523791,1567457523946
13072,13072,462,Gyroscope,-0.2074205696675706,-0.3353925526094742,-0.9340756849291644,1567457523948
13074,13074,462,Gyroscope,-0.18625830765372786,-0.34455835535037393,-0.9144577359179198,1567457523950
13076,13076,462,Gyroscope,-0.16248619432741762,-0.3462310238577179,-0.8869882038944049,1567457523951
13078,13078,462,Gyroscope,-0.1390273430168177,-0.3462213088748223,-0.8507334989126177,1567457523954
13080,13080,462,Gyroscope,-0.1213746293093817,-0.35548021269299845,-0.8098945144129677,1567457523956
13082,13082,462,Gyroscope,-0.11673313400778505,-0.3803301305828033,-0.7691703827357286,1567457523958
13084,13084,462,Gyroscope,-0.12867057643379268,-0.41427080291338736,-0.7298078369318453,1567457523960
13086,13086,462,Gyroscope,-0.15135440373236964,-0.4419587794237737,-0.6890869471698247,1567457523962
13088,13088,462,Gyroscope,-0.17782055817937903,-0.4513603489973262,-0.6403721931322728,1567457523964
13090,13090,462,Gyroscope,-0.21277143272580973,-0.44301675855665257,-0.5763524901949564,1567457523965
13092,13092,462,Gyroscope,-0.2640723877648103,-0.42904773127348406,-0.49975329579979444,1567457523968
13094,13094,462,Gyroscope,-0.32786650292229974,-0.42238196512629433,-0.42915579658315506,1567457523970
13096,13096,462,Gyroscope,-0.39584091993022175,-0.42638073333658055,-0.38557548357227767,1567457523972
13098,13098,462,Gyroscope,-0.4645779715408564,-0.4342322898607912,-0.3745333324599039,1567457523974
13100,13100,462,Gyroscope,-0.5273742445744846,-0.43577650916145805,-0.38654414887444777,1567457523976
13102,13102,462,Gyroscope,-0.5738854335363501,-0.4243166937899927,-0.4122633465820401,1567457523978
13104,13104,462,Gyroscope,-0.6048236939647496,-0.39998536608602153,-0.45348811813730017,1567457523980
13106,13106,462,Gyroscope,-0.6319926830596304,-0.3692165516871466,-0.5171585665600029,1567457523982
13108,13108,462,Gyroscope,-0.6609664744583902,-0.3392038941289477,-0.5979115411926027,1567457523984
13110,13110,462,Gyroscope,-0.6857956401218158,-0.3090439803704923,-0.676275585200408,1567457523986
13112,13112,462,Gyroscope,-0.701736910588594,-0.2694297008026466,-0.7398177752062453,1567457523987
13114,13114,462,Gyroscope,-0.7123458705108536,-0.21712339721665108,-0.793668259508097,1567457523990
13115,13115,462,Gyroscope,-0.7221961434381687,-0.16360654030381944,-0.846670883878518,1567457523992
13117,13117,462,Gyroscope,-0.7323031335706229,-0.12257997390859236,-0.9004536439718076,1567457523994
13119,13119,462,Gyroscope,-0.7452532223668983,-0.09724456092127357,-0.9517031350929224,1567457523995
13121,13121,462,Gyroscope,-0.7640400659380433,-0.08168784210380114,-0.9955286827033265,1567457523998
13124,13124,462,Gyroscope,-0.7814262770875964,-0.06452437420640242,-1.02975546571229,1567457524000
13126,13126,462,Gyroscope,-0.7877635024750884,-0.03983317441921013,-1.0578442882116423,1567457524002
13128,13128,462,Gyroscope,-0.7980243174272619,-0.02377343157277526,-1.0805084920582653,1567457524004
13129,13129,462,Gyroscope,-0.8322879817918021,-0.025885525636135533,-1.0877185414387254,1567457524006
13132,13132,462,Gyroscope,-0.8380533361147575,0.0168263444980168,-1.0707444835866764,1567457524008
13134,13134,462,Gyroscope,-0.6934049459000615,0.2078064648082575,-1.0402327792923247,1567457524010
13136,13136,462,Gyroscope,-0.35821148137130143,0.5386150680915852,-1.021405680007311,1567457524012
13138,13138,462,Gyroscope,0.0357706214427638,0.0168263444980168,-1.031635318427811,1567457524014
13140,13140,462,Gyroscope,0.32250832530909807,0.0168263444980168,-1.0668848907384387,1567457524016
13142,13142,462,Gyroscope,0.4673560187228599,0.9649301271247686,-1.1048716456132268,1567457524018
13144,13144,462,Gyroscope,0.5345351107192935,0.8471856710077441,-1.119324020429096,1567457524020
13146,13146,462,Gyroscope,0.5657666556619398,0.684180905128978,-1.0951600121478586,1567457524021
13148,13148,462,Gyroscope,0.5517413590290665,0.498980647423977,-1.0279110426497093,1567457524024
13150,13150,462,Gyroscope,0.4764698011124615,0.2965131249326938,-0.9158776566303903,1567457524026
13152,13152,462,Gyroscope,0.35220352283118594,0.07449131935213438,-0.7723537803201307,1567457524028
13154,13154,462,Gyroscope,0.2199451030671713,-0.13841495803879966,-0.6375231523556648,1567457524030
13156,13156,462,Gyroscope,0.11675757099623929,-0.300959221288035,-0.5530455648088372,1567457524032
13158,13158,462,Gyroscope,0.04603513570136781,-0.42486658262159954,-0.531021780346247,1567457524034
13160,13160,462,Gyroscope,-0.008312807507342385,-0.5582588125421213,-0.5580584089436678,1567457524036
13162,13162,462,Gyroscope,-0.05006268474551199,-0.7031262946631731,-0.6087207340470014,1567457524038
13164,13164,462,Gyroscope,-0.07100792538453063,-0.8102659993257588,-0.6479796260232343,1567457524040
13166,13166,462,Gyroscope,-0.07283859389236459,-0.8556236877653798,-0.6457349222927491,1567457524042
13168,13168,462,Gyroscope,-0.06923488061283888,-0.8682513422985292,-0.5993630174681628,1567457524044
13170,13170,462,Gyroscope,-0.06885649249246235,-0.8806592950156615,-0.5305317344605502,1567457524046
13172,13172,462,Gyroscope,-0.06906478930649643,-0.8953671489022701,-0.45886135549483614,1567457524048
13174,13174,462,Gyroscope,-0.06379013451891419,-0.9041599001955327,-0.38659964074720365,1567457524049
13176,13176,462,Gyroscope,-0.04927337856718908,-0.9071267167753438,-0.30791491838665974,1567457524052
13178,13178,462,Gyroscope,-0.026097908624955243,-0.9065043459061646,-0.22521127990427497,1567457524054
13180,13180,462,Gyroscope,0.00037097962621005865,-0.9015585762964315,-0.1489752379094551,1567457524056
13182,13182,462,Gyroscope,-0.05383974583425356,-0.8955032867077115,-0.08311548141060011,1567457524058
13184,13184,462,Gyroscope,-0.05383974583425356,-0.8975532638718364,-0.022517439063240486,1567457524060
13186,13186,462,Gyroscope,-0.04927337856718908,-0.9134473519853217,0.034401898918546656,1567457524062
13188,13188,462,Gyroscope,0.07684310297884761,-0.9375250716053456,0.08397223116288871,1567457524063
13190,13190,462,Gyroscope,0.04371706729983332,-0.9565121914990616,0.12568519505459194,1567457524066
13192,13192,462,Gyroscope,-0.009110292701646176,-0.9601475724343229,0.16089908752496815,1567457524068
13194,13194,462,Gyroscope,-0.05393391185957107,-0.9450822138024569,0.18836956320309378,1567457524069
13196,13196,462,Gyroscope,-0.07628258130181162,-0.908244486518111,0.2087251692818703,1567457524072
13198,13198,462,Gyroscope,-0.07957307399266725,-0.8468681378673051,0.22783358593415032,1567457524074
13200,13200,462,Gyroscope,-0.07133142208030428,-0.7699086658436322,0.25173120829577966,1567457524076
13202,13202,462,Gyroscope,-0.05383974583425356,-0.6927989201191549,0.28275852770940113,1567457524078
13204,13204,462,Gyroscope,-0.02623456482569497,-0.616602357890284,0.32092986997479056,1567457524080
13206,13206,462,Gyroscope,0.00938844627953583,-0.5355030590239743,0.3630046979519874,1567457524082
13208,13208,462,Gyroscope,0.04675462018638987,-0.46371015652852476,0.4017055572540916,1567457524084
13210,13210,462,Gyroscope,0.08157090489369787,-0.4265877934931406,0.4339278869452484,1567457524086
13212,13212,462,Gyroscope,0.11754768754355571,-0.4299443914256729,0.46774678063556274,1567457524087
13214,13214,462,Gyroscope,0.161861886054663,-0.4601065123953282,0.5124857358895261,1567457524090
13216,13216,462,Gyroscope,0.2140920709491443,-0.5016410669782682,0.5649518365520727,1567457524092
13218,13218,462,Gyroscope,0.2668372730815013,-0.5402964494569431,0.6160532089036015,1567457524094
13220,13220,462,Gyroscope,0.31791870778174897,-0.5643971423390888,0.6664502129796539,1567457524096
13222,13222,462,Gyroscope,0.37077032535054166,-0.571890739621169,0.7225408484461626,1567457524098
13224,13224,462,Gyroscope,0.42352431793234085,-0.5657016220325461,0.7830512656865081,1567457524100
13226,13226,462,Gyroscope,0.4711858217125787,-0.5446254852569579,0.8423855618298424,1567457524102
13228,13228,462,Gyroscope,0.5153381909535661,-0.5085891500117103,0.8989406955880612,1567457524104
13230,13230,462,Gyroscope,0.5602506150591116,-0.46622674829698835,0.9510930477250544,1567457524106
13232,13232,462,Gyroscope,0.6053518867068672,-0.4265731887609687,0.9942185709766667,1567457524108
13234,13234,462,Gyroscope,0.6484660095673076,-0.38734603330772344,1.0257570834845267,1567457524110
13236,13236,462,Gyroscope,0.6895651252643403,-0.34087283313693006,1.0460043084435424,1567457524112
13238,13238,462,Gyroscope,0.7279622293465771,-0.29075593644009373,1.0540201567653014,1567457524114
13240,13240,462,Gyroscope,0.7601312327789125,-0.2532066213513495,1.0473085709700967,1567457524116
13242,13242,462,Gyroscope,0.780474782851993,-0.2381564127036001,1.0246899546699204,1567457524118
13243,13243,462,Gyroscope,0.7834358148000427,-0.23658691072744487,0.988680927953344,1567457524120
13246,13246,462,Gyroscope,0.76780976546001,-0.23113703964784582,0.9458965098118509,1567457524122
13247,13247,462,Gyroscope,0.7381588528000663,-0.21338240769914102,0.9010501546306154,1567457524124
13249,13249,462,Gyroscope,0.6991534301259492,-0.18787185532017708,0.8466690409765885,1567457524126
13251,13251,462,Gyroscope,0.6528144390353945,-0.16480457786649,0.7674892716472945,1567457524128
13253,13253,462,Gyroscope,0.6031751457849223,-0.15361009948832482,0.6623671757688252,1567457524130
13255,13255,462,Gyroscope,0.5551291770073189,-0.16274137332067434,0.546130073463727,1567457524132
13257,13257,462,Gyroscope,0.508224283873134,-0.1981103841751811,0.42273582846209823,1567457524134
13259,13259,462,Gyroscope,0.4621670865372509,-0.25535327281012726,0.2835236697034538,1567457524136
13261,13261,462,Gyroscope,0.4245148542929835,-0.3198315072312396,0.13695281464055103,1567457524138
13263,13263,462,Gyroscope,0.3998436969092492,-0.38075458616973945,0.005212860482583945,1567457524140
13265,13265,462,Gyroscope,0.37796012888395586,-0.43813030131175734,-0.11208148896379241,1567457524142
13267,13267,462,Gyroscope,0.34673688658134133,-0.491760644880532,-0.23679854236212483,1567457524144
13269,13269,462,Gyroscope,0.3087714983761804,-0.5333042933074339,-0.3733646212725455,1567457524146
13271,13271,462,Gyroscope,0.27158215043032413,-0.5557008070878762,-0.5026475262147124,1567457524148
13273,13273,462,Gyroscope,0.23165037891579038,-0.5637967171242516,-0.6153045681356736,1567457524150
13275,13275,462,Gyroscope,0.18327506676986566,-0.5672155765557481,-0.7189575757327472,1567457524152
13277,13277,462,Gyroscope,0.13002477212535343,-0.5656548780290678,-0.8134457857541081,1567457524154
13279,13279,462,Gyroscope,0.07375147716315786,-0.5514215816673035,-0.889620773271966,1567457524155
13281,13281,462,Gyroscope,0.009924930703475197,-0.5251502486544988,-0.9468652937557861,1567457524158
13283,13283,462,Gyroscope,-0.056573350355306695,-0.4969346669139171,-0.988933268286772,1567457524160
13285,13285,462,Gyroscope,-0.11134189855331192,-0.4724698101726287,-1.0126281981821181,1567457524162
13287,13287,462,Gyroscope,-0.15141132172566,-0.45028231388799356,-1.0135488599410167,1567457524164
13289,13289,462,Gyroscope,-0.18807133667525477,-0.4321671570600515,-0.9944358228566715,1567457524166
13292,13292,462,Gyroscope,-0.22696386355731082,-0.42607232790678407,-0.9629302685523391,1567457524168
13294,13294,462,Gyroscope,-0.2614892894086486,-0.4386067725589141,-0.9235047547000179,1567457524170
13296,13296,462,Gyroscope,-0.287161004668258,-0.46931115344246443,-0.8731713602921,1567457524172
13298,13298,462,Gyroscope,-0.3068571730399922,-0.5124482731254394,-0.810149952761896,1567457524174
13300,13300,462,Gyroscope,-0.3217682016761856,-0.5653381046900772,-0.7445528206251665,1567457524176
13302,13302,462,Gyroscope,-0.3341228084085397,-0.6288234619135017,-0.6875725183228429,1567457524178
13304,13304,462,Gyroscope,-0.3555584609171997,-0.6906443308814763,-0.6312538543617982,1567457524180
13305,13305,462,Gyroscope,-0.3926705093467065,-0.7241023463106575,-0.5567322143819443,1567457524182
13307,13307,462,Gyroscope,-0.4291685213175387,-0.7215532930487469,-0.46398742073255106,1567457524184
13309,13309,462,Gyroscope,-0.44179810299597777,-0.7100160052970619,-0.37443982477822063,1567457524186
13311,13311,462,Gyroscope,-0.42731125904739675,-0.7150140102424987,-0.3028029106107781,1567457524188
13313,13313,462,Gyroscope,-0.3988571996259901,-0.7299135778249501,-0.24631080964012902,1567457524190
13315,13315,462,Gyroscope,-0.36561017496865783,-0.7362893199398022,-0.20019364290644936,1567457524192
13317,13317,462,Gyroscope,-0.3277900539523403,-0.7337009875791793,-0.16401018812866575,1567457524194
13320,13320,462,Gyroscope,-0.2839362675105767,-0.7338821506095469,-0.1357920571086106,1567457524196
13321,13321,462,Gyroscope,-0.23528842407562364,-0.7402529366777673,-0.11337900811856744,1567457524198
13323,13323,462,Gyroscope,-0.18581258417516638,-0.7477332389743518,-0.09719355240524702,1567457524200
13325,13325,462,Gyroscope,-0.1404788864296672,-0.7554390548825117,-0.08697195268005264,1567457524202
13328,13328,462,Gyroscope,-0.10275996391272815,-0.7677167051363184,-0.08090302420923651,1567457524204
13330,13330,462,Gyroscope,-0.07500345012819812,-0.7846979823469148,-0.07818862827349946,1567457524206
13331,13331,462,Gyroscope,-0.06276216897483125,-0.8007929185338425,-0.07941372727539948,1567457524208
13334,13334,462,Gyroscope,-0.0733631553526484,-0.8128434562587792,-0.08542405542271789,1567457524210
13336,13336,462,Gyroscope,-0.10434287615111335,-0.8232686027211912,-0.09618460085342301,1567457524212
13337,13337,462,Gyroscope,-0.13958665748362023,-0.8349608746019239,-0.10997780031779711,1567457524214
13340,13340,462,Gyroscope,-0.16399363140996878,-0.8454554177410236,-0.12484050133638186,1567457524216
13341,13341,462,Gyroscope,-0.1758024507965196,-0.8437071316777974,-0.1409150691658837,1567457524218
13343,13343,462,Gyroscope,-0.18026883839063412,-0.816354164935426,-0.15915982980371218,1567457524220
13346,13346,462,Gyroscope,-0.17891779182947948,-0.7610198625844626,-0.17790761583928272,1567457524222
13347,13347,462,Gyroscope,-0.16851737042298037,-0.6810451585582631,-0.19510454282632744,1567457524224
13349,13349,462,Gyroscope,-0.14597223920588615,-0.5663563801127232,-0.2140622470897194,1567457524226
13351,13351,462,Gyroscope,-0.11368668087125924,-0.40435416456558765,-0.24049936030772062,1567457524228
13354,13354,462,Gyroscope,-0.08027407326003366,-0.20907952027191917,-0.2741397022613962,1567457524230
13356,13356,462,Gyroscope,-0.04837971308570191,-0.007445526059095778,-0.31013052558553145,1567457524233
13358,13358,462,Gyroscope,-0.00012990953890886815,0.2034777362053897,-0.3468902166010842,1567457524234
13360,13360,462,Gyroscope,0.08912844369932725,0.4485158138521028,-0.38489053984830757,1567457524236
13361,13361,462,Gyroscope,0.21603400290015257,0.7148854818769562,-0.41843172722470656,1567457524238
13363,13363,462,Gyroscope,0.3510536745141087,0.9403049423392057,-0.43701359772175574,1567457524240
13365,13365,462,Gyroscope,0.4815208705064997,1.0815622292399683,-0.4378077369116853,1567457524242
13367,13367,462,Gyroscope,0.6232993742338109,1.1535630550046956,-0.4281208572646168,1567457524244
13369,13369,462,Gyroscope,0.7878286850332286,1.1771554894559977,-0.4103452390867577,1567457524246
13371,13371,462,Gyroscope,0.9662736808682931,1.1399679577398398,-0.3752181800375232,1567457524248
13373,13373,462,Gyroscope,1.140655425021198,1.0390089088167385,-0.3172593240477422,1567457524250
13375,13375,462,Gyroscope,1.2933022972478145,0.9136518904211431,-0.2456624156990433,1567457524252
13377,13377,462,Gyroscope,1.4171473837029112,0.8023799545882475,-0.17161279450234607,1567457524254
13379,13379,462,Gyroscope,1.5212026215278218,0.6968807949777568,-0.09393957604759307,1567457524256
13381,13381,462,Gyroscope,1.6159489715189812,0.5673494941202493,-0.006287319867788358,1567457524259
13383,13383,462,Gyroscope,1.6983669592337245,0.4162101459321474,0.08731635436403082,1567457524260
13385,13385,462,Gyroscope,1.7576903798899215,0.27519594310508466,0.17666052643114374,1567457524262
13387,13387,462,Gyroscope,1.7889054791282621,0.15591606194203123,0.26314783702997413,1567457524264
13389,13389,462,Gyroscope,1.79501956726191,0.045158645571201306,0.3547590297069802,1567457524266
13391,13391,462,Gyroscope,1.7801757677336103,-0.05056004596302869,0.4427449080354473,1567457524268
13393,13393,462,Gyroscope,1.7475130907973648,-0.10596702374853759,0.5077446079467122,1567457524270
13395,13395,462,Gyroscope,1.7033772800620595,-0.12720649008150253,0.5518993295899466,1567457524272
13397,13397,462,Gyroscope,1.6575098477706585,-0.15356165729965907,0.5996566921078135,1567457524274
13399,13399,462,Gyroscope,1.6176902917615836,-0.203240153747415,0.6627413324586573,1567457524276
13402,13402,462,Gyroscope,1.5849396510821803,-0.25577505790387994,0.7279139290053068,1567457524278
13404,13404,462,Gyroscope,1.5538587183768238,-0.2920781194840768,0.7834793477362019,1567457524280
13406,13406,462,Gyroscope,1.5209142631059032,-0.31805477797543746,0.833773792673844,1567457524282
13408,13408,462,Gyroscope,1.4900681368030395,-0.34185205025451904,0.8809611689029756,1567457524284
13409,13409,462,Gyroscope,1.4634053748877478,-0.3550725986555757,0.9148210145674663,1567457524286
13412,13412,462,Gyroscope,1.433751110967873,-0.34651829326547834,0.9291446941480995,1567457524288
13414,13414,462,Gyroscope,1.3957200451393224,-0.31859914702193176,0.9328861229016883,1567457524290
13416,13416,462,Gyroscope,1.3522141091834947,-0.28158327265021205,0.9383959161307965,1567457524292
13418,13418,462,Gyroscope,1.300989910653016,-0.2389088862277902,0.9474313979915481,1567457524294
13420,13420,462,Gyroscope,1.2313817612510913,-0.18686636023531603,0.9538675013202625,1567457524297
13422,13422,462,Gyroscope,1.143567014647127,-0.12611326266437323,0.9555150357575097,1567457524298
13424,13424,462,Gyroscope,1.0496828604250048,-0.0603112522749454,0.9561131427293516,1567457524300
13426,13426,462,Gyroscope,0.9491301590380111,0.015826800825124762,0.9561852310017,1567457524302
13428,13428,462,Gyroscope,0.8319815446899561,0.10860937880971394,0.9515084044701219,1567457524304
13430,13430,462,Gyroscope,0.7094997023731437,0.20811642848042744,0.943107256985503,1567457524306
13432,13432,462,Gyroscope,0.603372492250613,0.30113719611447665,0.9368502333922177,1567457524308
13434,13434,462,Gyroscope,0.5014548496866041,0.3957519695045203,0.9284479037779149,1567457524310
13436,13436,462,Gyroscope,0.36452571933107764,0.5096576395636937,0.9038341565036088,1567457524312
13438,13438,462,Gyroscope,0.1839886379096046,0.642629258127002,0.8612846567150014,1567457524314
13440,13440,462,Gyroscope,-0.005726113286644657,0.7857963988193915,0.8145800769699322,1567457524316
13442,13442,462,Gyroscope,-0.17824453713825983,0.9448666350532127,0.7680375493165243,1567457524318
13444,13444,462,Gyroscope,-0.33627002317241084,1.1215220512141375,0.7127430596526619,1567457524320
13446,13446,462,Gyroscope,-0.4781939022250654,1.2872632533435435,0.6519946481805416,1567457524322
13448,13448,462,Gyroscope,-0.5899940762739228,1.4088610135816406,0.6021594681764078,1567457524324
13450,13450,462,Gyroscope,-0.6770758755502533,1.4796415070689175,0.5652935432639824,1567457524326
13452,13452,462,Gyroscope,-0.7670414250338724,1.5039697481035892,0.5305679465553875,1567457524328
13454,13454,462,Gyroscope,-0.8661073485766926,1.4837136401470907,0.7143715540443909,1567457524330
13456,13456,462,Gyroscope,-0.9323335537031312,1.4363982393903996,0.7127430596526619,1567457524332
13458,13458,462,Gyroscope,-0.6965310944393392,1.3926415888545978,0.7099474201624554,1567457524334
13460,13460,462,Gyroscope,-0.8364142409130221,1.3627237498385492,0.6859890992873188,1567457524336
13462,13462,462,Gyroscope,-0.7563279938721066,1.331056264238576,0.7225688245917771,1567457524338
13464,13464,462,Gyroscope,-0.7242177765739374,1.2913679675468803,0.7185243946182072,1567457524340
13466,13466,462,Gyroscope,-0.7243391611047872,1.2656784884771164,0.7099474201624554,1567457524342
13468,13468,462,Gyroscope,-0.7188048158824893,1.2770397450267623,0.7143715540443909,1567457524344
13470,13470,462,Gyroscope,-0.6965310944393392,1.3200694938841973,0.7219006479731567,1567457524346
13471,13471,462,Gyroscope,-0.6745400476658694,1.3732206766148853,0.7220558406927915,1567457524348
13474,13474,462,Gyroscope,-0.6709151065671166,1.4254385321932204,0.7162683454148987,1567457524350
13476,13476,462,Gyroscope,-0.6880549322949538,1.4734947416841584,0.7094160353661456,1567457524352
13478,13478,462,Gyroscope,-0.7187494287630944,1.5080023486186767,0.7025465837634316,1567457524354
13480,13480,462,Gyroscope,-0.75848591161841,1.5213989827012715,0.6935872560442515,1567457524356
13481,13481,462,Gyroscope,-0.8061872792422438,1.519205908623945,0.6810749160062817,1567457524358
13483,13483,462,Gyroscope,-0.8624063203508723,1.5110462838881102,0.6663713149763244,1567457524360
13485,13485,462,Gyroscope,-0.9320157530483806,1.4992588881266482,0.6529249743657983,1567457524363
13487,13487,462,Gyroscope,-1.0141528385096759,1.4798096040886672,0.6463354245228929,1567457524364
13489,13489,462,Gyroscope,-1.0868692506724895,1.4481591375185627,0.6537427393221831,1567457524366
13491,13491,462,Gyroscope,-1.1224999507586437,1.4077483936254132,0.6755951135894717,1567457524368
13493,13493,462,Gyroscope,-1.1228278241803435,1.3725227549921608,0.6974057113780221,1567457524370
13495,13495,462,Gyroscope,-1.1199583787727343,1.3511943571945695,0.6984767694453937,1567457524372
13497,13497,462,Gyroscope,-1.1394560447652529,1.3346457135893808,0.6726801489516908,1567457524374
13500,13500,462,Gyroscope,-1.181173545228733,1.312076326546313,0.6339008511376614,1567457524376
13502,13502,462,Gyroscope,-1.2359470031375641,1.291648569828359,0.597574111550711,1567457524378
13504,13504,462,Gyroscope,-1.2971979244324443,1.2909421538832402,0.5657320804709964,1567457524380
13506,13506,462,Gyroscope,-1.3534967834163572,1.3123921271462202,0.5351518962606162,1567457524382
13508,13508,462,Gyroscope,-1.3920709269747928,1.3400765315114005,0.5087914768870502,1567457524384
13510,13510,462,Gyroscope,-1.4136969914949953,1.3587977001356286,0.489190052989259,1567457524386
13512,13512,462,Gyroscope,-1.430260240215004,1.3673610408079502,0.46933759619248816,1567457524389
13514,13514,462,Gyroscope,-1.4492592569531237,1.3726247810799452,0.4409559537919713,1567457524390
13516,13516,462,Gyroscope,-1.4710465038913,1.3788437169889116,0.4037029924093931,1567457524392
13518,13518,462,Gyroscope,-1.495997262143238,1.3875008288886874,0.35839644462628617,1567457524394
13520,13520,462,Gyroscope,-1.524129347995626,1.4023036766078687,0.30408195154912987,1567457524396
13522,13522,462,Gyroscope,-1.5521010090189686,1.4283619551297906,0.24768890970592528,1567457524398
13524,13524,462,Gyroscope,-1.5779587291058719,1.4680349617009483,0.20065108821815683,1567457524401
13526,13526,462,Gyroscope,-1.6044873633088617,1.5215402082297131,0.16187715599530866,1567457524402
13528,13528,462,Gyroscope,-1.633976164106852,1.5890932686479462,0.11954468504062721,1567457524404
13530,13530,462,Gyroscope,-1.664380760532004,1.6655977098564314,0.07256289169124444,1567457524406
13531,13531,462,Gyroscope,-1.6931681219612686,1.73587241793315,0.03536286686260148,1567457524408
13533,13533,462,Gyroscope,-1.7209196892185497,1.7845026908943407,0.017528095713979765,1567457524410
13536,13536,462,Gyroscope,-1.7476860619313521,1.8075773762654193,0.012830772147188783,1567457524412
13538,13538,462,Gyroscope,-1.769019289225867,1.8083506745091118,0.012662348491857996,1567457524415
13540,13540,462,Gyroscope,-1.7800167423627014,1.7869379577945814,0.016370299978945253,1567457524416
13542,13542,462,Gyroscope,-1.7792393247861664,1.7381144141880411,0.02433002909688493,1567457524418
13543,13543,462,Gyroscope,-1.7654708905031513,1.6583970269852268,0.03277487105621193,1567457524420
13546,13546,462,Gyroscope,-1.7360058461486991,1.555008378821353,0.03841664944515045,1567457524422
13548,13548,462,Gyroscope,-1.688137826692998,1.438532256586083,0.040074797993726846,1567457524424
13550,13550,462,Gyroscope,-1.6206658506767324,1.306791466032407,0.036139427174902136,1567457524427
13551,13551,462,Gyroscope,-1.5401352822984244,1.1523034880119134,0.02695912984639485,1567457524428
13553,13553,462,Gyroscope,-1.4596675601752267,0.9756070795820246,0.01690566272480698,1567457524430
13556,13556,462,Gyroscope,-1.3820175166109276,0.7743378272195562,0.00852256279607064,1567457524432
13558,13558,462,Gyroscope,-1.2996514847842657,0.5434436390869428,-0.001063176940825987,1567457524434
13559,13559,462,Gyroscope,-1.218572424179238,0.2965243999416333,-0.013497323522899231,1567457524436
13561,13561,462,Gyroscope,-1.154524658962158,0.05686312839354783,-0.02272241891231671,1567457524439
13563,13563,462,Gyroscope,-1.0993491068810606,-0.1697626206539667,-0.017804103136626795,1567457524441
13565,13565,462,Gyroscope,-1.0244587971081254,-0.38350172621443557,0.00782543492422241,1567457524442
13568,13568,462,Gyroscope,-0.9241392376776427,-0.5605428493940983,0.04783193228105405,1567457524444
13570,13570,462,Gyroscope,-0.8191701599720356,-0.6636115973394623,0.08370842355373546,1567457524446
13572,13572,462,Gyroscope,-0.7130467388028969,-0.6869149805008867,0.09678670686528819,1567457524448
13574,13574,462,Gyroscope,-0.5865234807701174,-0.6738294649864052,0.08095877904176482,1567457524451
13576,13576,462,Gyroscope,-0.4382263734142931,-0.6771056198443806,0.04524612570330118,1567457524452
13578,13578,462,Gyroscope,-0.2867732778192026,-0.709640663594296,0.003658761552142724,1567457524454
13580,13580,462,Gyroscope,-0.13288845004549993,-0.7461435705550322,-0.040267789169107816,1567457524456
13582,13582,462,Gyroscope,0.038867077962247504,-0.7642594855243372,-0.09514653080778317,1567457524458
13584,13584,462,Gyroscope,0.22281784476188454,-0.7697441462661173,-0.16477983808663466,1567457524460
13586,13586,462,Gyroscope,0.39652909969196204,-0.7843075845609471,-0.24144090282769387,1567457524462
13588,13588,462,Gyroscope,0.5578743732935505,-0.8207468796473834,-0.3210548955075798,1567457524465
13589,13589,462,Gyroscope,0.7167414952046052,-0.8760175465206358,-0.40663470633383725,1567457524466
13591,13591,462,Gyroscope,0.8614936640699391,-0.9458188798218141,-0.4923704590471925,1567457524468
13593,13593,462,Gyroscope,0.9747868530571783,-1.0350859476420817,-0.5651995564185577,1567457524470
13595,13595,462,Gyroscope,1.0624897221472995,-1.1466270915328327,-0.6241642483360532,1567457524472
13597,13597,462,Gyroscope,1.1354253895876507,-1.2694724293628523,-0.680135493435388,1567457524474
13599,13599,462,Gyroscope,1.1886983300316079,-1.3899177070006696,-0.7358569278305594,1567457524477
13601,13601,462,Gyroscope,1.2175111594339503,-1.5035910404358543,-0.7799910388803614,1567457524478
13603,13603,462,Gyroscope,1.2304449058337217,-1.6050680962939334,-0.8038765071350116,1567457524480
13605,13605,462,Gyroscope,1.2383492941433847,-1.6787031072239553,-0.815248166755645,1567457524482
13607,13607,462,Gyroscope,1.2427681303641116,-1.7138482641450472,-0.8287415541426448,1567457524484
13609,13609,462,Gyroscope,1.2379323526755603,-1.7216034207804078,-0.8469372354641531,1567457524486
13612,13612,462,Gyroscope,1.219298101635656,-1.7273615694246733,-0.8585378199197538,1567457524489
13614,13614,462,Gyroscope,1.189732808356025,-1.7487635356602182,-0.8539594357746056,1567457524490
13616,13616,462,Gyroscope,1.1571431105107979,-1.7780435388495004,-0.833717514699886,1567457524492
13618,13618,462,Gyroscope,1.1243361192143817,-1.7808864044141282,-0.7994927729346142,1567457524494
13620,13620,462,Gyroscope,1.0848279134278136,-1.7259581720142143,-0.7485295200919029,1567457524496
13622,13622,462,Gyroscope,1.0330354096781749,-1.6239098728217802,-0.6838697850939165,1567457524498
13624,13624,462,Gyroscope,0.9737675826120148,-1.5110321203917572,-0.6167518475889749,1567457524500
13626,13626,462,Gyroscope,0.9175463102825155,-1.391352318544364,-0.5510564755796383,1567457524503
13628,13628,462,Gyroscope,0.8714534251996692,-1.244381327151709,-0.48243533593436216,1567457524504
13630,13630,462,Gyroscope,0.8349603082134622,-1.0898879557082393,-0.41643338803799124,1567457524506
13632,13632,462,Gyroscope,0.8001934386527914,-0.9789094424699474,-0.36521168544443783,1567457524508
13634,13634,462,Gyroscope,0.7594391838118533,-0.9175125981687609,-0.3256730783069725,1567457524510
13636,13636,462,Gyroscope,0.714608813683782,-0.860820613645009,-0.28301941362665045,1567457524512
13638,13638,462,Gyroscope,0.6743010275255483,-0.7870136888950607,-0.23619216285965638,1567457524514
13640,13640,462,Gyroscope,0.6435570681565599,-0.7227360775124475,-0.2024604191411223,1567457524517
13642,13642,462,Gyroscope,0.6232350113824017,-0.6833133461349274,-0.19591185983801723,1567457524518
13643,13643,462,Gyroscope,0.6144641604493063,-0.639931099653269,-0.2135377255467727,1567457524520
13646,13646,462,Gyroscope,0.6150548540713474,-0.571487931195552,-0.24292960976996714,1567457524522
